BioProject	id	Heterogeneous.Selection	Homogeneous.Selection	Dispersal.Limitation	Homogenizing.Dispersal	Drift.and.Others
PRJNA546006	SRR9206622	0	0.095732337	0.687910217	0.003127086	0.21323036
PRJNA546006	SRR9206629	0.000626311	0.342551932	0.443538963	0.001866648	0.211416147
PRJNA546006	SRR9206631	0.002117175	0.1186396	0.566975374	0.003517782	0.308750068
PRJNA546006	SRR9206633	0.001029753	0.214275686	0.553890285	0.006632655	0.224171621
PRJNA546006	SRR9206635	0.035897026	0.10081587	0.724418918	0.013437325	0.125430861
PRJNA546006	SRR9206639	0.003062257	0.221227021	0.566483554	0.002348363	0.206878805
PRJNA546006	SRR9206644	0.073275155	0.05369343	0.250556264	0.000527406	0.621947745
PRJNA546006	SRR9206646	0.087245499	0.03795209	0.506790678	0.001080643	0.36693109
PRJNA546006	SRR9206648	0.026108439	0.074783994	0.202059653	6.99E-05	0.696977979
PRJNA546006	SRR9206652	0.01543697	0.039693453	0.353872567	0.002584523	0.588412486
PRJNA546006	SRR9206657	0.052670369	0.085955225	0.409242423	0.000383025	0.451748958
PRJNA546006	SRR9206661	0.049200261	0.170764683	0.479419609	0.001645584	0.298969864
PRJNA546006	SRR9206665	0.053396938	0.097791769	0.500006341	0.002808539	0.345996413
PRJNA546006	SRR9206669	0.033707976	0.113798017	0.557140089	0.004571896	0.290782022
PRJNA546006	SRR9206672	0.019759327	0.080400655	0.179629931	0.001163695	0.719046392
PRJNA546006	SRR9206674	0	0.126315783	0.19515096	0.000545041	0.677988216
PRJNA546006	SRR9206675	0.016932689	0.044812291	0.578804503	0.002819973	0.356630544
PRJNA546006	SRR9206678	0.046988196	0.079530001	0.479048523	0.001298805	0.393134475
PRJNA546006	SRR9206684	0.00613833	0.112479472	0.555702659	0.002220553	0.323458987
PRJNA546006	SRR9206688	0.045278625	0.037287304	0.528538952	0.000764659	0.38813046
PRJNA546006	SRR9206690	0.0637674	0.109841941	0.26611696	0.001266242	0.559007457
PRJNA546006	SRR9206695	0.022999753	0.196668637	0.234020398	0.001797192	0.544514019
PRJNA546006	SRR9206699	0.018754187	0.108481643	0.323231114	0.001867811	0.547665245
PRJNA546006	SRR9206703	0.037300866	0.101493889	0.324193581	0.000912837	0.536098827
PRJNA546006	SRR9206707	0.006363944	0.099048651	0.529440383	0.000370644	0.364776379
PRJNA546006	SRR9206721	0.024298246	0.183753932	0.288633352	0.003406508	0.499907962
PRJNA546006	SRR9206725	0.026947618	0.134404456	0.326088702	0.000736679	0.511822545
PRJNA546006	SRR9206728	0.045311424	0.07851873	0.27272804	0.003512453	0.599929353
PRJNA546006	SRR9206731	0.01475703	0.151841345	0.281136337	0.001451505	0.550813784
PRJNA546006	SRR9206735	0.022499267	0.101863172	0.502354297	0.001098822	0.372184442
PRJNA546006	SRR9206739	0.022407261	0.103947493	0.345129843	0.001181952	0.52733345
PRJNA546006	SRR9206742	0.041791304	0.076250052	0.084713589	0.000394372	0.796850684
PRJNA546006	SRR9206749	0.03493903	0.218062375	0.190347454	0.004051761	0.55259938
PRJNA546006	SRR9206753	0.074647651	0.047438004	0.293743063	0.000784225	0.583387057
PRJNA546006	SRR9206755	0.028412311	0.085371645	0.526138629	0.003906472	0.356170943
PRJNA546006	SRR9206757	0.029936314	0.21733635	0.147331131	0.001689555	0.60370665
PRJNA546006	SRR9206758	0.021596677	0.105930598	0.162598436	0.001982309	0.707891979
PRJNA546006	SRR9206762	0.052128768	0.130203533	0.465668756	0.001884621	0.350114322
PRJNA546006	SRR9206766	0.031319621	0.098650031	0.378736672	0.001099818	0.490193858
PRJNA546006	SRR9206767	0.048960024	0.102242447	0.242985668	0.001841062	0.603970799
PRJNA546006	SRR9206769	0.11367225	0.098257839	0.114873496	0.000518227	0.672678187
PRJNA546006	SRR9206771	0.01310798	0.047293487	0.259670051	0.012145342	0.66778314
PRJNA546006	SRR9206774	0.02401697	0.115993871	0.124236346	0.0007097	0.735043114
PRJNA546006	SRR9206776	0.018547973	0.148943884	0.12980477	0.000835321	0.701868052
PRJNA546006	SRR9206778	0.028274289	0.188447549	0.227962747	0.000553715	0.554761701
PRJNA546006	SRR9206780	0.041565946	0.088332906	0.134656121	0.001293241	0.734151787
PRJNA546006	SRR9206782	0.033791105	0.091723674	0.115876713	0.00142548	0.757183028
PRJNA546006	SRR9206783	0.05999702	0.181100216	0.348340964	0.002054557	0.408507243
PRJNA546006	SRR9206791	0.017312026	0.26304084	0.284702917	0.000937889	0.434006327
PRJNA546006	SRR9206795	0.020880181	0.15612743	0.201329926	0.000772021	0.620890442
PRJNA546006	SRR9206797	0.022526742	0.172599279	0.363935487	0.001340693	0.439597799
PRJNA546006	SRR9206798	0.019152427	0.145760668	0.405588426	0.001035419	0.42846306
PRJNA546006	SRR9206800	0.026236297	0.120932489	0.100016373	0.000781979	0.752032862
PRJNA546006	SRR9206802	0.090900674	0.230418649	0.283462299	0.000936544	0.394281834
PRJNA546006	SRR9206805	0.044097375	0.204613573	0.181308911	0.002406487	0.567573653
PRJNA546006	SRR9206808	0.025369696	0.27473094	0.119538226	0.001901867	0.578459272
PRJNA546006	SRR9206811	0.020719109	0.189040431	0.149667464	0.002209747	0.63836325
PRJNA546006	SRR9206815	0.021917794	0.177756172	0.082966674	0.0002941	0.717065259
PRJNA546006	SRR9206820	0.023792446	0.14412399	0.2750392	0.004235181	0.552809182
PRJNA546006	SRR9206828	0.009289093	0.102037815	0.468152008	0.003292208	0.417228876
PRJNA546006	SRR9206832	0.015019634	0.081678021	0.381489998	0.002883957	0.518928391
PRJNA564811	SRR10097962	0	0.058460018	0.941539982	0	0
PRJNA564811	SRR10097963	0	0.088037015	0.911962985	0	0
PRJNA564811	SRR10097964	0.011369267	0.077656465	0.910974268	0	0
PRJNA564811	SRR10097965	0	0.00745998	0.99254002	0	0
PRJNA564811	SRR10097966	0.008564232	0	0.991435768	0	0
PRJNA564811	SRR10097967	0.001773215	0.02920505	0.969021735	0	0
PRJNA564811	SRR10097968	0.046502207	0.068342268	0.885155525	0	0
PRJNA564811	SRR10097969	0.003940269	0.177235479	0.818824252	0	0
PRJNA564811	SRR10097970	0	0.272848813	0.727151187	0	0
PRJNA564811	SRR10097971	0.092065332	0.212041853	0.695892815	0	0
PRJNA564811	SRR10097972	0.165508652	0.001212147	0.833279201	0	0
PRJNA564811	SRR10097973	0.004713294	0.076542918	0.918743788	0	0
PRJNA564811	SRR10097974	0.035954213	0.104901799	0.859143988	0	0
PRJNA564811	SRR10097976	0.012792429	0.150068708	0.837138863	0	0
PRJNA564811	SRR10097977	0.030221663	0.347619529	0.622158808	0	0
PRJNA564811	SRR10097978	0.0225113	0.150088588	0.827400112	0	0
PRJNA564811	SRR10097980	0.002279777	0.033571725	0.964148497	0	0
PRJNA564811	SRR10097981	0.008507449	0.077460988	0.914031564	0	0
PRJNA564811	SRR10097983	0.082258266	0.04219702	0.875544714	0	0
PRJNA564811	SRR10097985	0.039912546	0.050152568	0.909934886	0	0
PRJNA564811	SRR10097986	0.030400097	0.271104835	0.698423043	0	7.20E-05
PRJNA564811	SRR10097987	0.03680259	0.084802071	0.878395339	0	0
PRJNA564811	SRR10097989	0.043293085	0.089801097	0.866905819	0	0
PRJNA564811	SRR10097990	0.041228919	0.066090087	0.892680993	0	0
PRJNA564811	SRR10097991	0.031155797	0.105853031	0.862991172	0	0
PRJNA564811	SRR10097992	0.036575828	0.10080981	0.862614362	0	0
PRJNA564811	SRR10097993	0.009322853	0.092382161	0.898294986	0	0
PRJNA564811	SRR10097994	0.019890292	0.094962682	0.885147025	0	0
PRJNA564811	SRR10097995	0.029029413	0.076397845	0.894572743	0	0
PRJNA564811	SRR10097996	0.023743651	0.045481493	0.930774857	0	0
PRJNA564811	SRR10097997	0.075407758	0.14504356	0.779548682	0	0
PRJNA564811	SRR10097998	0.001582881	0.057278623	0.941138495	0	0
PRJNA564811	SRR10097999	0.028477234	0.054538904	0.916959812	0	2.41E-05
PRJNA564811	SRR10098000	0.028926407	0.061937423	0.90913617	0	0
PRJNA564811	SRR10098001	0.022585219	0.077980978	0.899433803	0	0
PRJNA564811	SRR10098002	0.05757715	0.056801199	0.885621651	0	0
PRJNA564811	SRR10098003	0.045139677	0.072204222	0.882656101	0	0
PRJNA564811	SRR10098004	0.016036205	0.032606309	0.951357486	0	0
PRJNA564811	SRR10098005	0.016331644	0.047509722	0.936158634	0	0
PRJNA564811	SRR10098006	0.016282628	0.16579602	0.817921352	0	0
PRJNA564811	SRR10098007	0.018000543	0.128077994	0.853921463	0	0
PRJNA564811	SRR10098008	0.013035667	0.197178381	0.789785952	0	0
PRJNA564811	SRR10098009	0.021804635	0.046204491	0.931990874	0	0
PRJNA564811	SRR10098010	0.020831946	0.033098387	0.946069667	0	0
PRJNA564811	SRR10098011	0.007223669	0.155255722	0.837344242	0	0.000176367
PRJNA564811	SRR10098012	0.013098195	0.194244796	0.792612657	0	4.44E-05
PRJNA564811	SRR10098013	0.008094801	0.105392895	0.886159738	0	0.000352566
PRJNA564811	SRR10098014	0.011032733	0.079681542	0.909032298	0	0.000253427
PRJNA564811	SRR10098015	0.074657544	0.115523243	0.809819213	0	0
PRJNA564811	SRR10098016	0.020170378	0.096010343	0.883819279	0	0
PRJNA564811	SRR10098017	0.004767679	0.136243812	0.858406194	0	0.000582315
PRJNA564811	SRR10098019	0.017969516	0.107770611	0.874259872	0	0
PRJNA564811	SRR10098020	0.049087339	0.076228793	0.874683868	0	0
PRJNA564811	SRR10098021	0.024839352	0.074282975	0.900877673	0	0
PRJNA564811	SRR10098022	0.022500692	0.050941329	0.92655798	0	0
PRJNA564811	SRR10098023	0.009033357	0.086877626	0.904089017	0	0
PRJNA564811	SRR10098024	0.010151641	0.096280489	0.890382459	0	0.003185411
PRJNA564811	SRR10098025	0.005590171	0.111788439	0.882216043	0	0.000405348
PRJNA564811	SRR10098026	0.003710879	0.137651363	0.858637757	0	0
PRJNA564811	SRR10098027	0.032359456	0.131679779	0.835960765	0	0
PRJNA564811	SRR10098029	0.011665601	0.210445283	0.777889116	0	0
PRJNA564811	SRR10098030	0.006131958	0.145764214	0.848103828	0	0
PRJNA564811	SRR10098031	0.019902624	0.112872142	0.867225234	0	0
PRJNA564811	SRR10098032	0.021520251	0.103961239	0.87451851	0	0
PRJNA564811	SRR10098033	0.019545432	0.197293802	0.783160765	0	0
PRJNA564811	SRR10098034	0.076842607	0.201009444	0.722147949	0	0
PRJNA564811	SRR10098035	0.08785897	0.149469006	0.762672024	0	0
PRJNA564811	SRR10098036	0.017858177	0.134895372	0.847246451	0	0
PRJNA564811	SRR10098037	0.028335256	0.1191414	0.852523344	0	0
PRJNA564811	SRR10098038	0.07746266	0.143989304	0.778548036	0	0
PRJNA564811	SRR10098039	0.073798135	0.158582983	0.767618882	0	0
PRJNA564811	SRR10098040	0.018124188	0.113202468	0.868519158	0	0.000154186
PRJNA564811	SRR10098041	0.019292129	0.116307535	0.864400336	0	0
PRJNA564811	SRR10098043	0.013011363	0.095860904	0.891127733	0	0
PRJNA564811	SRR10098047	0.024911987	0.06064856	0.914439453	0	0
PRJNA564811	SRR10098048	0.012973192	0.066987087	0.920039721	0	0
PRJNA564811	SRR10098049	0.014033922	0.069027996	0.916938082	0	0
PRJNA564811	SRR10098050	0.034262116	0.195155765	0.770582118	0	0
PRJNA564811	SRR10098051	0.033990892	0.196253612	0.769755496	0	0
PRJNA564811	SRR10098052	0.010471877	0.072720325	0.916807798	0	0
PRJNA564811	SRR10098053	0.005534992	0.067266159	0.927198849	0	0
PRJNA564811	SRR10098054	0.012763	0.100206556	0.887030445	0	0
PRJNA564811	SRR10098055	0.026799943	0.061308132	0.911891925	0	0
PRJNA564811	SRR10098056	0.050218123	0.075771793	0.874010084	0	0
PRJNA564811	SRR10098057	0.022000511	0.137733612	0.840265877	0	0
PRJNA564811	SRR10098058	0.012036487	0.15615473	0.831808783	0	0
PRJNA564811	SRR10098059	0.021434429	0.094681379	0.883884192	0	0
PRJNA564811	SRR10098060	0.013284113	0.096525315	0.890190572	0	0
PRJNA564811	SRR10098061	0.020655355	0.12403173	0.855312915	0	0
PRJNA564811	SRR10098062	0.021024544	0.168777916	0.81019754	0	0
PRJNA564811	SRR10098063	0.003623139	0.090232451	0.906140007	0	4.40E-06
PRJNA564811	SRR10098064	0.018604212	0.080959871	0.900435917	0	0
PRJNA564811	SRR10098065	0.015437845	0.166042089	0.818520066	0	0
PRJNA564811	SRR10098066	0.015330712	0.105684673	0.878984614	0	0
PRJNA564811	SRR10098067	0.011234149	0.070750214	0.918015637	0	0
PRJNA564811	SRR10098068	0.013007927	0.116151282	0.87084079	0	0
PRJNA564811	SRR10098069	0.010263431	0.079131759	0.910216786	0	0.000388023
PRJNA564811	SRR10098070	0.044464468	0.057660951	0.897743274	0	0.000131306
PRJNA564811	SRR10098071	0.041487341	0.022206356	0.936298286	0	8.02E-06
PRJNA564811	SRR10098072	0.019689953	0.022794405	0.957507705	0	7.94E-06
PRJNA564811	SRR10098073	0.024091509	0.243882519	0.731951763	0	7.42E-05
PRJNA564811	SRR10098074	0.018585318	0.167468934	0.813945748	0	0
PRJNA564811	SRR10098075	0.015191675	0.099665336	0.88514299	0	0
PRJNA564811	SRR10098076	0.014875769	0.101306791	0.88381744	0	0
PRJNA564811	SRR10098077	0.011019825	0.06874304	0.920237134	0	0
PRJNA564811	SRR10098078	0.019967422	0.063259245	0.916773333	0	0
PRJNA564811	SRR10098079	0.093704095	0.203733185	0.702546415	0	1.63E-05
PRJNA564811	SRR10098080	0.007680342	0.044583133	0.947736524	0	0
PRJNA564811	SRR10098081	0.009088483	0.067303718	0.923566765	0	4.10E-05
PRJNA564811	SRR10098082	0.017071942	0.069440768	0.913487291	0	0
PRJNA564811	SRR10098083	0.004785579	0.091806881	0.90340754	0	0
PRJNA564811	SRR10098086	0.123933125	0.040541564	0.835525311	0	0
PRJNA564811	SRR10098087	0.045855118	0.042643009	0.911494695	0	7.18E-06
PRJNA564811	SRR10098088	0.005695358	0.11745202	0.876791758	0	6.09E-05
PRJNA564811	SRR10098089	0.016426149	0.078218228	0.905333466	0	2.22E-05
PRJNA564811	SRR10098090	0.037062413	0.164589305	0.798348283	0	0
PRJNA564811	SRR10098091	0.015332604	0.130118079	0.854549316	0	0
PRJNA564811	SRR10098092	0.02359073	0.06900062	0.90740865	0	0
PRJNA564811	SRR10098093	0.025047334	0.157503457	0.817449209	0	0
PRJNA564811	SRR10098094	0.061161783	0.103285849	0.835552368	0	0
PRJNA564811	SRR10098096	0.023043313	0.122146139	0.854810547	0	0
PRJNA564811	SRR10098097	0.019645522	0.100641151	0.879713327	0	0
PRJNA564811	SRR10098098	0.089335555	0.122409658	0.788254786	0	0
PRJNA564811	SRR10098099	0.024370305	0.163424238	0.812205458	0	0
PRJNA564811	SRR10098100	0.021234708	0.060634156	0.918131137	0	0
PRJNA564811	SRR10098101	0.018156123	0.062074159	0.919769718	0	0
PRJNA564811	SRR10098102	0.021197492	0.086342983	0.892459525	0	0
PRJNA564811	SRR10098103	0.008942963	0.070337072	0.920719965	0	0
PRJNA564811	SRR10098104	0.009274943	0.080943373	0.909781684	0	0
PRJNA564811	SRR10098105	0.011325926	0.087877045	0.900797029	0	0
PRJNA564811	SRR10098106	0.025972857	0.075003013	0.89902413	0	0
PRJNA564811	SRR10098107	0.043121925	0.071249158	0.885628917	0	0
PRJNA564811	SRR10098108	0.022726496	0.076339569	0.900933935	0	0
PRJNA564811	SRR10098109	0.08850953	0.140337489	0.771152981	0	0
PRJNA564811	SRR10098110	0.113743394	0.078178386	0.80807822	0	0
PRJNA564811	SRR10098111	0.028221746	0.155372769	0.816405485	0	0
PRJNA564811	SRR10098112	0.05348525	0.195636432	0.750878318	0	0
PRJNA564811	SRR10098113	0.164446034	0.081082459	0.754371439	0	0.000100068
PRJNA564811	SRR10098115	0.01685738	0.101421256	0.881721364	0	0
PRJNA564811	SRR10098116	0.014764479	0.070558845	0.914676676	0	0
PRJNA564811	SRR10098117	0.015430053	0.094822829	0.889513669	0	0.000233449
PRJNA564811	SRR10098119	0.019815477	0.156101229	0.824083294	0	0
PRJNA564811	SRR10098120	0.024881766	0.109242392	0.86573606	0	0.000139783
PRJNA564811	SRR10098121	0.019896446	0.124582928	0.855520626	0	0
PRJNA564811	SRR10098122	0.023555298	0.111105339	0.865339363	0	0
PRJNA564811	SRR10098123	0.016084869	0.083756242	0.900158889	0	0
PRJNA564811	SRR10098124	0.048073913	0.2314018	0.720338931	0	0.000185357
PRJNA564811	SRR10098125	0.012017565	0.139702858	0.84808147	0	0.000198107
PRJNA564811	SRR10098127	0.012253693	0.070702043	0.917044264	0	0
PRJNA564811	SRR10098128	0.016730545	0.09469096	0.888578495	0	0
PRJNA564811	SRR10098129	0.01083898	0.071908984	0.917252036	0	0
PRJNA564811	SRR10098130	0.059861897	0.020298623	0.918596894	0	0.001242586
PRJNA564811	SRR10098131	0.054665604	0.074721625	0.869909367	0	0.000703404
PRJNA564811	SRR10098132	0.039254212	0.118909009	0.841711743	0	0.000125036
PRJNA564811	SRR10098133	0.016516948	0.202172545	0.781172531	0	0.000137977
PRJNA564811	SRR10098134	0.029522612	0.115949003	0.854528385	0	0
PRJNA564811	SRR10098138	0.018234825	0.055714842	0.926050334	0	0
PRJNA564811	SRR10098139	0.022558943	0.056296609	0.921144448	0	0
PRJNA564811	SRR10098140	0.045206931	0.103264436	0.851528633	0	0
PRJNA564811	SRR10098141	0.020852402	0.142394773	0.836741969	0	1.09E-05
PRJNA564811	SRR10098145	0.01884458	0.070420153	0.910533965	0	0.000201301
PRJNA564811	SRR10098146	0.024308206	0.077524135	0.89800997	0	0.000157688
PRJNA564811	SRR10098148	0.037214136	0.104090543	0.858581925	0	0.000113396
PRJNA564811	SRR10098152	0.039823649	0.18226424	0.777912111	0	0
PRJNA564811	SRR10098153	0.047874293	0.205728898	0.746396809	0	0
PRJNA564811	SRR10098154	0.015016466	0.10636114	0.878622394	0	0
PRJNA564811	SRR10098155	0.015682013	0.089285726	0.895032261	0	0
PRJNA564811	SRR10098156	0.014014523	0.131116613	0.854868865	0	0
PRJNA564811	SRR10098157	0.020133374	0.12788474	0.851981886	0	0
PRJNA564811	SRR10098158	0.046845258	0.145710583	0.807444159	0	0
PRJNA564811	SRR10098159	0.031032529	0.10150351	0.867462304	0	1.66E-06
PRJNA564811	SRR10098160	0.013345928	0.151581429	0.835072642	0	0
PRJNA564811	SRR10098161	0.065825646	0.109521534	0.824568375	0	8.44E-05
PRJNA564811	SRR10098162	0.111168354	0.097340807	0.791474951	0	1.59E-05
PRJNA564811	SRR10098163	0.064476184	0.152901613	0.782622203	0	0
PRJNA564811	SRR10098164	0.097972686	0.057147564	0.844879751	0	0
PRJNA564811	SRR10098165	0.053411832	0.109189934	0.837314978	0	8.33E-05
PRJNA564811	SRR10098166	0.013535553	0.139246635	0.847110551	0	0.000107261
PRJNA564811	SRR10098169	0.0206972	0.041046963	0.938255837	0	0
PRJNA564811	SRR10098170	0.018041271	0.052211446	0.929747283	0	0
PRJNA564811	SRR10098171	0.018234242	0.064014801	0.917750956	0	0
PRJNA564811	SRR10098172	0.057441804	0.094321045	0.848237151	0	0
PRJNA564811	SRR10098173	0.019839737	0.098123785	0.882036479	0	0
PRJNA564811	SRR10098174	0.031614771	0.085835315	0.882359894	0	0.00019002
PRJNA564811	SRR10098175	0.041676039	0.079159099	0.879164863	0	0
PRJNA564811	SRR10098176	0.018206679	0.073492702	0.908300618	0	0
PRJNA564811	SRR10098177	0.017649728	0.085221234	0.896601788	0	0.000527251
PRJNA564811	SRR10098178	0.027725663	0.253952565	0.718260313	0	6.15E-05
PRJNA564811	SRR10098179	0.077231928	0.251592483	0.671048577	0	0.000127012
PRJNA564811	SRR10098181	0.021976215	0.207252896	0.770750313	0	2.06E-05
PRJNA564811	SRR10098182	0.05841666	0.068781492	0.872801848	0	0
PRJNA564811	SRR10098183	0.014803464	0.2778758	0.707187155	0	0.000133581
PRJNA564811	SRR10098184	0.038171389	0.095651152	0.866177459	0	0
PRJNA564811	SRR10098185	0.069622555	0.240118762	0.690234931	0	2.38E-05
PRJNA718337	SRR14144811	0	0.224637831	0.105961791	0	0.669400378
PRJNA718337	SRR14144812	0.003571608	0.116983995	0.098294865	0	0.781149533
PRJNA718337	SRR14144813	0.002381072	0.148969494	0.108004351	0	0.740645083
PRJNA718337	SRR14144814	0.025043881	0.163086273	0.061181801	0	0.750688045
PRJNA718337	SRR14144815	0.011313577	0.148374268	0.066879984	0	0.773432171
PRJNA718337	SRR14144816	0.007752692	0.190901968	0.151328385	0	0.650016955
PRJNA718337	SRR14144818	0.007959938	0.168852766	0.180371223	0.001695326	0.641120747
PRJNA718337	SRR14144819	0.005824164	0.235926122	0.15197494	0.000374372	0.605900401
PRJNA718337	SRR14144820	0.026751427	0.235953542	0.199077428	0.002256905	0.535960698
PRJNA718337	SRR14144821	0.006572417	0.176442187	0.10791959	0.00107674	0.707989066
PRJNA718337	SRR14144822	0.005157578	0.136282752	0.0621394	0	0.796420269
PRJNA718337	SRR14144823	0.015571623	0.102925028	0.105665621	0.01144389	0.764393839
PRJNA718337	SRR14144824	0.004988344	0.093312954	0.196945295	0.005921844	0.698831564
PRJNA718337	SRR14144825	0.004627169	0.174453262	0.231718037	0	0.589201533
PRJNA718337	SRR14144826	0.016864161	0.310102678	0.209389278	0.008629197	0.455014685
PRJNA718337	SRR14144827	0.045156306	0.337539955	0.164502186	0.004254169	0.448547385
PRJNA718337	SRR14144828	0.020495799	0.170257633	0.17125002	5.60E-05	0.637940557
PRJNA718337	SRR14144829	0.016147975	0.180495181	0.239305352	0.003465879	0.560585612
PRJNA718337	SRR14144830	0.012850928	0.127396029	0.138387537	0.000217383	0.721148123
PRJNA718337	SRR14144832	0.006125464	0.252286878	0.143532969	1.72E-05	0.598037499
PRJNA718337	SRR14144834	0.006947374	0.230327784	0.090593681	0.000656356	0.671474805
PRJNA718337	SRR14144835	0.009189251	0.16068696	0.084349298	2.94E-05	0.745745081
PRJNA718337	SRR14144836	0.006300777	0.422017575	0.045753522	0.000135647	0.525792479
PRJNA718337	SRR14144837	0.008105232	0.184378622	0.161119972	3.29E-05	0.646363297
PRJNA718337	SRR14144838	0.002677889	0.229791415	0.094939909	0.00512706	0.667463728
PRJNA718337	SRR14144839	0.013236732	0.290162869	0.19996867	0.00024676	0.496384969
PRJNA718337	SRR14144840	0.009497685	0.221572371	0.134609874	0.00132513	0.632994941
PRJNA718337	SRR14144841	0.006701415	0.196101679	0.111020403	0.007520438	0.678656065
PRJNA718337	SRR14144842	0.061422565	0.12008533	0.198746079	0.000255168	0.619490859
PRJNA718337	SRR14144843	0.006220281	0.194390488	0.228584644	0.001178929	0.569625659
PRJNA718337	SRR14144844	0.00527299	0.222623623	0.082029317	0.001992964	0.688081106
PRJNA718337	SRR14144845	0.002827371	0.32291002	0.154319472	0.002119177	0.51782396
PRJNA718337	SRR14144846	0.011017449	0.305525119	0.09586511	0.000619645	0.586972677
PRJNA718337	SRR14144847	0.006044399	0.277462669	0.203609221	0.001593373	0.511290339
PRJNA718337	SRR14144848	0.001951623	0.433653208	0.204127492	0.000399858	0.359867819
PRJNA718337	SRR14144849	0.036527792	0.333642286	0.120216982	0.00204172	0.507571219
PRJNA718337	SRR14144850	0.010410318	0.312101042	0.224654322	0.014497455	0.438336863
PRJNA718337	SRR14144851	0.00585337	0.143204481	0.206373837	0.001499659	0.643068653
PRJNA718337	SRR14144852	0.018104568	0.27603245	0.154023683	0.002040893	0.549798405
PRJNA718337	SRR14144853	0.011890878	0.312575692	0.042739113	0.002543269	0.630251048
PRJNA718337	SRR14144854	0.009305769	0.328970811	0.04840774	0.001755504	0.611560177
PRJNA718337	SRR14144855	0.006486115	0.228161358	0.132364717	0.000470591	0.63251722
PRJNA718337	SRR14144856	0.004180677	0.305149809	0.085443783	7.21E-05	0.605153598
PRJNA718337	SRR14144857	0.006834534	0.157457506	0.17622126	0.000234481	0.659252219
PRJNA718337	SRR14144858	0.003771231	0.279710248	0.180218548	0.000105623	0.536194351
PRJNA718337	SRR14144859	0.007657703	0.18437665	0.20881316	0.001928447	0.59722404
PRJNA718337	SRR14144860	0.010108443	0.442293481	0.186794656	0.003170732	0.357632688
PRJNA718337	SRR14144861	0.005747753	0.284616076	0.195470895	0.001218348	0.512946928
PRJNA718337	SRR14144862	0.030750311	0.182143397	0.206593604	0.008295235	0.572217452
PRJNA718337	SRR14144863	0.010897272	0.235511576	0.184048861	0.004110625	0.565431666
PRJNA718337	SRR14144864	0.004593527	0.278187613	0.209605955	0.000510458	0.507102446
PRJNA718337	SRR14144865	0.006012912	0.279949209	0.347520049	0.002734831	0.363782999
PRJNA718337	SRR14144866	0.008357992	0.369235137	0.141069275	0.000598625	0.480738971
PRJNA718337	SRR14144867	0.009472318	0.21658676	0.236978079	0.000710437	0.536252406
PRJNA718337	SRR14144868	0.019719064	0.270459406	0.258504917	0.002586408	0.448730204
PRJNA718337	SRR14144869	0.018303983	0.210916034	0.356953837	0.003327994	0.410498153
PRJNA718337	SRR14144870	0.015297604	0.236255187	0.271460234	0.00108641	0.475900564
PRJNA718337	SRR14144871	0.009605975	0.244128433	0.199960614	8.20E-06	0.546296773
PRJNA718337	SRR14144872	0.008231423	0.421424619	0.216522539	0.000783223	0.353038196
PRJNA718337	SRR14144873	0.004019991	0.255617182	0.283254582	0.002472053	0.454636191
PRJNA718337	SRR14144874	0.006304871	0.273657358	0.309173436	0.001130829	0.409733505
PRJNA718337	SRR14144875	0.00924975	0.267794011	0.230100541	0.004002112	0.488853587
PRJNA718337	SRR14144876	0.018439659	0.212091906	0.272245325	0.000544382	0.496678728
PRJNA718337	SRR14144877	0.006161785	0.350721845	0.270296663	0.001786555	0.371033152
PRJNA718337	SRR14144878	0.006245724	0.292304208	0.238980989	0.000390926	0.462078154
PRJNA718337	SRR14144879	0.00671006	0.279225726	0.263714245	0.000395787	0.449954182
PRJNA718337	SRR14144880	0.013262153	0.079069139	0.40549545	0.004561217	0.497612041
PRJNA718337	SRR14144881	0.006744509	0.24138503	0.256947195	0.001919401	0.493003866
PRJNA718337	SRR14144882	0.012032173	0.208195914	0.288853461	0.000504717	0.490413734
PRJNA718337	SRR14144883	0.006480007	0.169857689	0.329069962	0.001791036	0.492801307
PRJNA718337	SRR14144884	0.015066447	0.274537847	0.336376988	0.004635759	0.369382959
PRJNA718337	SRR14144885	0.008517498	0.150047118	0.295262018	0.002077919	0.544095447
PRJNA718337	SRR14144886	0.017522648	0.190434507	0.338747257	0.002512368	0.45078322
PRJNA718337	SRR14144887	0.016636247	0.174018711	0.351476805	0.002509905	0.455358332
PRJNA718337	SRR14144888	0.008446193	0.193954917	0.334285878	0.0038557	0.459457312
PRJNA718337	SRR14144889	0.007506809	0.267647602	0.251137888	0.002067771	0.471639929
PRJNA718337	SRR14144890	0.00638362	0.29390748	0.317107742	0.000393851	0.382207307
PRJNA718337	SRR14144891	0.006020036	0.295453129	0.22438968	0.000822633	0.473314522
PRJNA718337	SRR14144892	0.007080884	0.299390917	0.214249144	0.000943523	0.478335533
PRJNA718337	SRR14144893	0.022738119	0.227107019	0.307386043	0.000953884	0.441814935
PRJNA718337	SRR14144894	0.005087989	0.211683957	0.329726885	0.003428069	0.450073099
PRJNA718337	SRR14144895	0.00878199	0.301616332	0.345538671	0.004596588	0.339466419
PRJNA718337	SRR14144896	0.003118903	0.213432487	0.335405323	0.00179238	0.446250908
PRJNA718337	SRR14144897	0.010549279	0.326317592	0.32230342	0.001394814	0.339434895
PRJNA718337	SRR14144898	0.007188337	0.301883639	0.279540852	0.002317331	0.409069842
PRJNA718337	SRR14144899	0.015854067	0.335607689	0.211727393	0.000720047	0.436090803
PRJNA718337	SRR14144900	0.011515139	0.186103688	0.366561529	0.00197007	0.433849574
PRJNA718337	SRR14144901	0.006203655	0.352919247	0.292494554	0.002834413	0.345548131
PRJNA718337	SRR14144902	0.007236927	0.315766119	0.261750579	0.001976215	0.41327016
PRJNA718337	SRR14144903	0.002921408	0.204339261	0.425474209	0.003157008	0.364108114
PRJNA718337	SRR14144904	0.024022333	0.204922841	0.385874968	0.003535063	0.381644796
PRJNA718337	SRR14144905	0.013722642	0.240357586	0.344948018	0.002049676	0.398922078
PRJNA718337	SRR14144906	0.023500679	0.128372903	0.424901654	0.003326551	0.419898213
PRJNA718337	SRR14144907	0.054091894	0.187456081	0.349293783	0.003478577	0.405679666
PRJNA761493	SRR15809807	0.086185966	0.432235224	0.327718004	0.059629551	0.094231254
PRJNA761493	SRR15809808	0.075707359	0.524135246	0.24207198	0.062978786	0.095106629
PRJNA761493	SRR15809810	0.074706682	0.522989993	0.266141971	0.05853457	0.077626784
PRJNA761493	SRR15809812	0.079944706	0.404230673	0.334951651	0.077778326	0.103094645
PRJNA761493	SRR15809814	0.048954308	0.48999436	0.311715864	0.058511345	0.090824122
PRJNA761493	SRR15809816	0.0628013	0.433443835	0.317957713	0.079981223	0.105815929
PRJNA761493	SRR15809818	0.053478941	0.484686224	0.286202506	0.083856684	0.091775645
PRJNA761493	SRR15809820	0.135806817	0.413620757	0.261394204	0.086464904	0.102713317
PRJNA761493	SRR15809824	0.127149219	0.462332252	0.199274944	0.097578932	0.113664652
PRJNA761493	SRR15809827	0.107371729	0.400479614	0.267133548	0.119565916	0.105449194
PRJNA761493	SRR15809829	0.059299837	0.379986541	0.347864958	0.080769963	0.132078701
PRJNA761493	SRR15809831	0.106582305	0.363724646	0.290889035	0.104240628	0.134563386
PRJNA761493	SRR15809833	0.088629983	0.427112969	0.310313072	0.08603359	0.087910386
PRJNA761493	SRR15809835	0.086673394	0.401093181	0.284690554	0.093299201	0.13424367
PRJNA761493	SRR15809837	0.14831628	0.35112222	0.261854059	0.101416323	0.137291118
PRJNA761493	SRR15809839	0.059790057	0.468558679	0.286536607	0.062087757	0.1230269
PRJNA761493	SRR15809841	0.102796111	0.379681396	0.305733476	0.104090772	0.107698246
PRJNA761493	SRR15809843	0.106289773	0.428120776	0.267340026	0.076590659	0.121658766
PRJNA761493	SRR15809847	0.076144546	0.40167678	0.263560769	0.103828254	0.154789652
PRJNA761493	SRR15809849	0.118358225	0.416345801	0.29435039	0.080422794	0.09052279
PRJNA761493	SRR15809851	0.098305158	0.407389894	0.307715616	0.072880151	0.113709181
PRJNA761493	SRR15809853	0.096117984	0.414667936	0.225001461	0.105111005	0.159101614
PRJNA761493	SRR15809855	0.09745648	0.443038988	0.270024589	0.090288544	0.099191398
PRJNA761493	SRR15809857	0.086459205	0.437091528	0.264777314	0.101257658	0.110414294
PRJNA761493	SRR15809859	0.125422712	0.368716463	0.274367178	0.062115329	0.169378319
PRJNA761493	SRR15809861	0.124323188	0.346568539	0.27262404	0.104685276	0.151798956
PRJNA761493	SRR15809863	0.140647427	0.393010244	0.287124858	0.084650753	0.094566717
PRJNA761493	SRR15809865	0.115267696	0.445575607	0.260936048	0.080968734	0.097251915
PRJNA761493	SRR15809869	0.087956306	0.315663352	0.337440308	0.102620462	0.156319572
PRJNA761493	SRR15809871	0.0695026	0.381037015	0.293374534	0.100761675	0.155324177
PRJNA761493	SRR15809873	0.078245676	0.401887313	0.281642697	0.111598365	0.126625949
PRJNA761493	SRR15809875	0.111378197	0.415247308	0.246665742	0.110208206	0.116500546
PRJNA761493	SRR15809877	0.088283975	0.429457052	0.280292328	0.089275567	0.112691079
PRJNA761493	SRR15809879	0.09822447	0.360902303	0.304325368	0.100705421	0.135842437
PRJNA761493	SRR15809881	0.102964824	0.439235367	0.278415443	0.083040875	0.09634349
PRJNA761493	SRR15809883	0.121827396	0.335085787	0.312229202	0.086688853	0.144168762
PRJNA761493	SRR15809885	0.090625678	0.416685698	0.251231492	0.104476689	0.136980442
PRJNA761493	SRR15809887	0.0769246	0.391748556	0.320106025	0.078405728	0.132815091
PRJNA761493	SRR15809893	0.148481944	0.301301198	0.284745618	0.108173007	0.157298233
PRJNA761493	SRR15809895	0.128456612	0.369319532	0.258740872	0.084986923	0.158496061
PRJNA761493	SRR15809897	0.091342979	0.355235086	0.318717948	0.109375623	0.125328364
PRJNA761493	SRR15809899	0.118668037	0.347080885	0.273944808	0.127929198	0.132377071
PRJNA761493	SRR15809901	0.171180228	0.349420672	0.230612476	0.092063853	0.15672277
PRJNA761493	SRR15809903	0.154870502	0.293308653	0.240248511	0.121553872	0.190018462
PRJNA761493	SRR15809905	0.073516984	0.402287308	0.250225687	0.117408622	0.156561399
PRJNA761493	SRR15809907	0.126445786	0.389566847	0.279164002	0.083483772	0.121339593
PRJNA761493	SRR15809909	0.103150477	0.342828368	0.310631205	0.104715135	0.138674815
PRJNA761493	SRR15809911	0.089795	0.403522066	0.2715022	0.11412222	0.121058515
PRJNA761493	SRR15809915	0.104729194	0.329454635	0.269357466	0.140565146	0.155893559
PRJNA761493	SRR15809918	0.116979455	0.391082467	0.26868406	0.076487743	0.146766275
PRJNA761493	SRR15809920	0.079544711	0.356631137	0.333110228	0.093058773	0.137655151
PRJNA761493	SRR15809922	0.079530074	0.421781588	0.240839168	0.090118014	0.167731156
PRJNA761493	SRR15809924	0.087369421	0.437649212	0.286615045	0.091209417	0.097156905
PRJNA761493	SRR15809926	0.098463178	0.39663616	0.285315571	0.092713216	0.126871875
PRJNA761493	SRR15809929	0.119207092	0.341561138	0.291924478	0.082511807	0.164795485
PRJNA761493	SRR15809931	0.130040414	0.339205769	0.324892403	0.070788986	0.135072428
PRJNA761493	SRR15809933	0.214146564	0.325302016	0.265080577	0.076710568	0.118760275
PRJNA761493	SRR15809935	0.088918817	0.414313328	0.289908658	0.086081995	0.120777202
PRJNA761493	SRR15809939	0.085364803	0.348924866	0.333843777	0.112211511	0.119655043
PRJNA761493	SRR15809941	0.089180255	0.311834938	0.33632923	0.086104146	0.176551431
PRJNA761493	SRR15809943	0.083503589	0.327663882	0.346469166	0.084289849	0.158073513
PRJNA761493	SRR15809945	0.125183347	0.417412357	0.24839431	0.09315373	0.115856257
PRJNA761493	SRR15810168	0.133134853	0.243495345	0.242852932	0.072182162	0.308334707
PRJNA761493	SRR15810170	0.127731629	0.309029628	0.278135017	0.076784282	0.208319444
PRJNA761493	SRR15810174	0.159780699	0.273045041	0.255742732	0.072949645	0.238481883
PRJNA761493	SRR15810176	0.187860712	0.2754821	0.192648566	0.031216316	0.312792306
PRJNA761493	SRR15810178	0.103736299	0.244653759	0.256160005	0.06772138	0.327728558
PRJNA761493	SRR15810180	0.160141008	0.260764714	0.330433761	0.044008406	0.204652112
PRJNA761493	SRR15810182	0.173636061	0.284975488	0.290967132	0.053810218	0.196611102
PRJNA761493	SRR15810184	0.139388707	0.325535776	0.281680681	0.07936676	0.174028075
PRJNA761493	SRR15810186	0.181647225	0.285071261	0.258312199	0.070107322	0.204861994
PRJNA761493	SRR15810188	0.147902665	0.253285539	0.251640077	0.032063363	0.315108355
PRJNA761493	SRR15810190	0.152576809	0.227826868	0.276672489	0.059448062	0.283475772
PRJNA761493	SRR15810192	0.153635151	0.296364712	0.256471612	0.057701581	0.235826944
PRJNA761493	SRR15810196	0.107543032	0.290879927	0.340001826	0.063834025	0.197741191
PRJNA761493	SRR15810198	0.128883001	0.302136768	0.297147553	0.06357362	0.208259057
PRJNA761493	SRR15810200	0.152046751	0.239787703	0.331489789	0.061512877	0.21516288
PRJNA761493	SRR15810202	0.095353256	0.295843954	0.300370103	0.059716381	0.248716306
PRJNA761493	SRR15810204	0.141328567	0.23718736	0.318551098	0.057657537	0.245275438
PRJNA761493	SRR15810206	0.134916481	0.331718587	0.265765842	0.099705163	0.167893927
PRJNA761493	SRR15810208	0.211804659	0.219642797	0.23065212	0.108602313	0.22929811
PRJNA761493	SRR15810210	0.099712659	0.37006055	0.273851047	0.097564838	0.158810906
PRJNA761493	SRR15810212	0.126796937	0.300697351	0.288558364	0.117631084	0.166316264
PRJNA761493	SRR15810214	0.098253146	0.231348321	0.304168156	0.107514983	0.258715394
PRJNA761493	SRR15810218	0.143785178	0.299882868	0.274232449	0.134053894	0.148045611
PRJNA761493	SRR15810220	0.103435463	0.286488056	0.348780183	0.102443851	0.158852447
PRJNA761493	SRR15810222	0.108782679	0.308692363	0.292522083	0.108537445	0.181465431
PRJNA761493	SRR15810224	0.081544188	0.347453795	0.275499221	0.100820983	0.194681814
PRJNA761493	SRR15810226	0.142863253	0.279124534	0.299691019	0.105658051	0.172663143
PRJNA761493	SRR15810228	0.13150544	0.299481181	0.290625197	0.098734377	0.179653806
PRJNA761493	SRR15810230	0.160417617	0.313886713	0.30470123	0.069362334	0.151632106
PRJNA761493	SRR15810232	0.151065567	0.282530048	0.322064146	0.063172295	0.181167944
PRJNA761493	SRR15810234	0.12974563	0.277934725	0.386423092	0.06384887	0.142047682
PRJNA761493	SRR15810236	0.173285766	0.281071351	0.297792039	0.082168002	0.165682842
PRJNA761493	SRR15810240	0.130532549	0.352474737	0.296600029	0.070435701	0.149956983
PRJNA761493	SRR15810242	0.155305006	0.26913254	0.312003951	0.09740458	0.166153923
PRJNA761493	SRR15810244	0.164639202	0.318267281	0.255506164	0.103141891	0.158445462
PRJNA761493	SRR15810246	0.197424837	0.325941534	0.233125599	0.099017704	0.144490326
PRJNA761493	SRR15810248	0.13343279	0.376548539	0.270796137	0.096240056	0.122982478
PRJNA761493	SRR15810250	0.126479224	0.285975559	0.233630338	0.11795891	0.235955969
PRJNA761493	SRR15810252	0.14799841	0.285741359	0.281846329	0.122223858	0.162190044
PRJNA761493	SRR15810254	0.172485275	0.272124652	0.313413976	0.068195434	0.173780663
PRJNA761493	SRR15810256	0.153046565	0.308073415	0.322701727	0.070454767	0.145723526
PRJNA761493	SRR15810258	0.125210767	0.346758281	0.262522368	0.089929069	0.175579514
PRJNA761493	SRR15810262	0.146523479	0.288092282	0.310121112	0.114797919	0.140465208
PRJNA761493	SRR15810264	0.116430268	0.308101775	0.337428958	0.077682754	0.160356246
PRJNA761493	SRR15810266	0.104484695	0.295399378	0.372122021	0.074945006	0.1530489
PRJNA761493	SRR15810268	0.099673748	0.282728931	0.310650549	0.124180924	0.182765847
PRJNA761493	SRR15810270	0.143500706	0.359867683	0.255996864	0.110589364	0.130045384
PRJNA761493	SRR15810272	0.118439494	0.263213389	0.341641605	0.101039346	0.175666166
PRJNA761493	SRR15810274	0.164516457	0.360527892	0.251238646	0.070009864	0.153707142
PRJNA761493	SRR15810276	0.127522397	0.247030763	0.348121989	0.119244117	0.158080734
PRJNA761493	SRR15810278	0.214787892	0.274416258	0.28472081	0.073120127	0.152954913
PRJNA761493	SRR15810280	0.101473473	0.339536105	0.282337042	0.08309221	0.19356117
PRJNA761493	SRR15810286	0.131119966	0.29906697	0.297241664	0.099300067	0.173271333
PRJNA761493	SRR15810288	0.13778712	0.361166951	0.278873707	0.071288663	0.150883559
PRJNA761493	SRR15810290	0.105316993	0.383002712	0.246933761	0.076417915	0.188328619
PRJNA761493	SRR15810292	0.111225447	0.356436498	0.272696784	0.089478534	0.170162738
PRJNA761493	SRR15810294	0.116577306	0.3157306	0.340497551	0.060934854	0.166259689
PRJNA761493	SRR15810296	0.09964985	0.44528304	0.253451359	0.060531003	0.141084748
PRJNA761493	SRR15810298	0.124969873	0.309436702	0.297694433	0.081394224	0.186504769
PRJNA761493	SRR15810300	0.098543943	0.30532456	0.324199676	0.093842496	0.178089324
PRJNA761493	SRR15810302	0.10004598	0.368093896	0.305508132	0.078041783	0.148310208
PRJNA761493	SRR15810304	0.134651897	0.341581902	0.322845717	0.066593418	0.134327066
PRJNA761493	SRR15810308	0.149479473	0.331485071	0.262179806	0.083964106	0.172891544
PRJNA780219	SRR16939516	0.192154329	0.023961938	0.216685887	0.024010144	0.543187702
PRJNA780219	SRR16939517	0.147968867	0.022007979	0.310036727	0.049963935	0.470022491
PRJNA780219	SRR16939518	0.095650994	0.161619886	0.395217283	0.021957542	0.325554295
PRJNA780219	SRR16939519	0.067905305	0.231938994	0.360443531	0.021240387	0.318471782
PRJNA780219	SRR16939520	0.129508954	0.232420485	0.312041985	0.009852102	0.316176474
PRJNA780219	SRR16939521	0.140720058	0.147921882	0.367335304	0.011872025	0.33215073
PRJNA780219	SRR16939522	0.099656689	0.36352372	0.280319588	0.012368478	0.244131525
PRJNA780219	SRR16939523	0.069565388	0.153437384	0.352894128	0.018552177	0.405550924
PRJNA780219	SRR16939524	0.08302448	0.280744281	0.352261696	0.015471241	0.268498302
PRJNA780219	SRR16939525	0.183102757	0.321493559	0.204428221	0.012919404	0.27805606
PRJNA780219	SRR16939526	0.065145381	0.325161107	0.155873606	0.017636336	0.43618357
PRJNA780219	SRR16939527	0.100057327	0.160010801	0.271215711	0.02540331	0.44331285
PRJNA780219	SRR16939528	0.112340005	0.268125091	0.285355216	0.011340019	0.322839668
PRJNA780219	SRR16939529	0.092228582	0.314981056	0.224154804	0.006983364	0.361652193
PRJNA780219	SRR16939530	0.091195438	0.205081431	0.410131318	0.013835642	0.279756171
PRJNA780219	SRR16939531	0.129962735	0.269896651	0.27479375	0.007847469	0.317499396
PRJNA780219	SRR16939532	0.105688175	0.281532421	0.280683998	0.013006184	0.319089223
PRJNA780219	SRR16939533	0.129074637	0.351073951	0.122574161	0.004701567	0.392575684
PRJNA780219	SRR16939534	0.144720786	0.192172114	0.34162599	0.004223496	0.317257613
PRJNA780219	SRR16939535	0.088569272	0.285344326	0.282383309	0.026396842	0.317306251
PRJNA780219	SRR16939536	0.104055648	0.314512833	0.297671231	0.009646053	0.274114235
PRJNA780219	SRR16939537	0.075451218	0.337959903	0.285851923	0.019288013	0.281448943
PRJNA780219	SRR16939538	0.167258511	0.249412314	0.319590593	0.012024814	0.251713768
PRJNA780219	SRR16939539	0.072023147	0.338106743	0.233619746	0.005499307	0.350751057
PRJNA780219	SRR16939540	0.038256714	0.247885735	0.395644274	0.010117054	0.308096223
PRJNA780219	SRR16939541	0.03188715	0.331309947	0.203075211	0.006188038	0.427539654
PRJNA780219	SRR16939542	0.060041942	0.205583151	0.32112433	0.016167758	0.397082819
PRJNA780219	SRR16939543	0.056137735	0.270006805	0.250971663	0.012670573	0.410213224
PRJNA780219	SRR16939544	0.159226118	0.303517217	0.277834039	0.015172916	0.24424971
PRJNA780219	SRR16939545	0.083489676	0.334827196	0.26906063	0.018217644	0.294404855
PRJNA780219	SRR16939546	0.02468124	0.24800514	0.338747746	0.022320014	0.36624586
PRJNA780219	SRR16939547	0.101711626	0.138784463	0.269796805	0.003778033	0.485929073
PRJNA780219	SRR16939548	0.198915721	0.191567645	0.178696686	0.000600618	0.430219329
PRJNA780219	SRR16939549	0.073840373	0.174521569	0.260441578	0.006169628	0.485026852
PRJNA780219	SRR16939550	0.11030559	0.16222824	0.257370599	0.007582625	0.462512946
PRJNA780219	SRR16939551	0.172686738	0.201638995	0.205747612	0.009184169	0.410742486
PRJNA780219	SRR16939552	0.170207363	0.279627204	0.255542585	0.007812245	0.286810603
PRJNA780219	SRR16939553	0.081235432	0.099281946	0.405265964	0.00635708	0.407859578
PRJNA780219	SRR16939554	0.128454812	0.224225988	0.212054105	0.010163974	0.42510112
PRJNA780219	SRR16939555	0.087332523	0.109419554	0.198910074	0.004610031	0.599727818
PRJNA780219	SRR16939556	0.141740605	0.151411078	0.224113762	0.004654176	0.478080379
