BioProject	id	Heterogeneous.Selection	Homogeneous.Selection	Dispersal.Limitation	Homogenizing.Dispersal	Drift.and.Others
PRJNA486259	SRR7701104	0	0.054776642	0.623409414	0.023228661	0.298585283
PRJNA486259	SRR7701105	0.030892595	0.019634624	0.608806717	0.007731684	0.332934381
PRJNA486259	SRR7701106	0	0.055713141	0.53552374	0	0.408763118
PRJNA486259	SRR7701107	0.031210688	0.11863004	0.446198299	0.055778433	0.348182541
PRJNA486259	SRR7701108	0	0.218775941	0.281761479	0.090287409	0.409175171
PRJNA486259	SRR7701109	0.036550955	0.06179669	0.484307159	0.04448994	0.372855255
PRJNA486259	SRR7701110	0.007455354	0.189329298	0.401108598	0.084701873	0.317404877
PRJNA486259	SRR7701111	0.008616015	0.067271369	0.295762907	0.071412413	0.556937297
PRJNA486259	SRR7701112	0.007981652	0.168183613	0.228957764	0.025902496	0.568974475
PRJNA486259	SRR7701113	0.005765203	0.289079604	0.205797457	0.081371186	0.41798655
PRJNA486259	SRR7701114	0.008631539	0.169751363	0.164564244	0.118763261	0.538289594
PRJNA486259	SRR7701115	0.006395086	0.113964019	0.123800218	0.047962583	0.707878093
PRJNA486259	SRR7701116	0.007502085	0.115257033	0.38694109	0.09596792	0.394331872
PRJNA486259	SRR7701117	0.003606175	0.185275739	0.239596503	0.067397365	0.504124218
PRJNA486259	SRR7701118	0.002595005	0.068700587	0.328267127	0.020319205	0.580118075
PRJNA486259	SRR7701119	0.007769718	0.204153971	0.206711345	0.047909462	0.533455504
PRJNA486259	SRR7701120	0.004425204	0.147406175	0.268660578	0.05991735	0.519590694
PRJNA486259	SRR7701121	0.061994097	0.231060647	0.26077008	0.042565673	0.403609503
PRJNA486259	SRR7701122	0.00256614	0.16466403	0.290488271	0.022557575	0.519723985
PRJNA486259	SRR7701123	0.038289185	0.160392328	0.305317092	0.039643428	0.456357967
PRJNA486259	SRR7701124	0.011359643	0.263686678	0.306586886	0.063075845	0.355290948
PRJNA486259	SRR7701125	0.003925066	0.122109433	0.33328595	0.026286679	0.514392872
PRJNA486259	SRR7701126	0.002133082	0.156033726	0.306965825	0.029826489	0.505040877
PRJNA546006	SRR9206623	0	0.370275555	0	0	0.629724445
PRJNA546006	SRR9206628	0.005157659	0.461035715	0.180511079	0.030458218	0.32283733
PRJNA546006	SRR9206630	0	0.307269233	0.166060653	0.01318719	0.513482924
PRJNA546006	SRR9206632	0	0.393001416	0.049830453	0.006879736	0.550288395
PRJNA546006	SRR9206634	0.007655425	0.358891537	0.221209708	0.012544623	0.399698707
PRJNA546006	SRR9206638	0.008796059	0.348617075	0.130574425	0.013914726	0.498097714
PRJNA546006	SRR9206645	0.006984103	0.165825283	0.2684185	0.004395978	0.554376136
PRJNA546006	SRR9206647	0.014060775	0.237505901	0.273987108	0.004113224	0.470332992
PRJNA546006	SRR9206649	0.116284856	0.119799796	0.274651292	0.003356596	0.48590746
PRJNA546006	SRR9206651	0.030040166	0.02424927	0.075051872	0.006936422	0.86372227
PRJNA546006	SRR9206653	0.052286072	0.12162451	0.292719116	0.003461841	0.529908461
PRJNA546006	SRR9206658	0.069349925	0.187092336	0.282227886	0.020416599	0.440913254
PRJNA546006	SRR9206662	0.03353329	0.175647744	0.280314019	0.002508287	0.507996661
PRJNA546006	SRR9206666	0.028981689	0.257092423	0.308689277	0.01043185	0.394804761
PRJNA546006	SRR9206670	0.016971843	0.29688102	0.257920267	0.020282805	0.407944064
PRJNA546006	SRR9206671	0.005826604	0.153123008	0.273480557	0.009400406	0.558169425
PRJNA546006	SRR9206673	0.012952099	0.329609737	0.276019995	0.013171891	0.368246279
PRJNA546006	SRR9206677	0.011928921	0.209719821	0.278842982	0.00463653	0.494871746
PRJNA546006	SRR9206683	0.014965888	0.316212292	0.250901	0.037410606	0.380510213
PRJNA546006	SRR9206687	0.012804137	0.290384989	0.12335801	0.012110921	0.561341943
PRJNA546006	SRR9206689	0.02877377	0.297972449	0.228170071	0.002410912	0.442672798
PRJNA546006	SRR9206696	0.008035216	0.280535679	0.140792308	0.008804416	0.561832381
PRJNA546006	SRR9206700	0.005696651	0.276452417	0.068805364	0.004176351	0.644869217
PRJNA546006	SRR9206704	0.014138958	0.378634711	0.203161957	0.000451617	0.403612757
PRJNA546006	SRR9206708	0.026327301	0.316316257	0.240114794	0.011011051	0.406230597
PRJNA546006	SRR9206722	0.003954308	0.150103514	0.083146482	0.011371224	0.751424473
PRJNA546006	SRR9206726	0.006132357	0.219213708	0.231352617	0.013159867	0.530141452
PRJNA546006	SRR9206729	0.005438192	0.177401616	0.393157742	0.013003994	0.410998456
PRJNA546006	SRR9206730	0.007151808	0.268866366	0.177959286	0.004218339	0.541804201
PRJNA546006	SRR9206734	0.019726073	0.320806713	0.169435579	0.010926199	0.479105436
PRJNA546006	SRR9206738	0.006771115	0.322320289	0.174215662	0.011477112	0.485215822
PRJNA546006	SRR9206743	0.026828095	0.101029168	0.087072681	0.006110399	0.778959657
PRJNA546006	SRR9206748	0.024071262	0.221643576	0.231741839	0.017583767	0.504959556
PRJNA546006	SRR9206752	0.018111162	0.13573545	0.262466279	0.007558585	0.576128524
PRJNA546006	SRR9206754	0.026221717	0.328776845	0.294888847	0.018982395	0.331130196
PRJNA546006	SRR9206756	0.030670475	0.264826483	0.096738954	0.011659174	0.596104914
PRJNA546006	SRR9206761	0.013150739	0.306024918	0.103336401	0.005078883	0.572409061
PRJNA546006	SRR9206765	0.02802686	0.363556612	0.23507655	0.006005494	0.367334483
PRJNA546006	SRR9206768	0.091669922	0.143129582	0.230096557	0.008656315	0.526447624
PRJNA546006	SRR9206770	0.010733301	0.219049807	0.040738518	0.004284274	0.725194099
PRJNA546006	SRR9206772	0.054363963	0.154004215	0.250613734	0.016100865	0.524917223
PRJNA546006	SRR9206773	0.00987069	0.193222615	0.092973622	0.010539246	0.693393827
PRJNA546006	SRR9206775	0.040924455	0.255415982	0.136787038	0.014363002	0.552509523
PRJNA546006	SRR9206777	0.019730513	0.411023814	0.192199282	0.001329174	0.375717217
PRJNA546006	SRR9206779	0.015531125	0.256106298	0.241868538	0.004731283	0.481762755
PRJNA546006	SRR9206787	0.003250195	0.259012263	0.101806968	0.013284505	0.622646069
PRJNA546006	SRR9206790	0.031319721	0.346771359	0.218483943	0.009387903	0.394037074
PRJNA546006	SRR9206794	0.006020261	0.352690991	0.130463541	0.008762354	0.502062852
PRJNA546006	SRR9206796	0.013328032	0.319571137	0.150068529	0.005865106	0.511167196
PRJNA546006	SRR9206799	0.019653711	0.214156054	0.359486506	0.006025401	0.400678328
PRJNA546006	SRR9206801	0.027598755	0.250258393	0.184164575	0.008668561	0.529309716
PRJNA546006	SRR9206803	0.009005049	0.305186978	0.21893355	0.010128375	0.456746048
PRJNA546006	SRR9206806	0.034433082	0.130091743	0.226666751	0.007904267	0.600904156
PRJNA546006	SRR9206807	0.019679548	0.323347611	0.288214274	0.00670273	0.362055837
PRJNA546006	SRR9206809	0.0023342	0.344855359	0.223912138	0.010967734	0.41793057
PRJNA546006	SRR9206810	0.011620854	0.210460304	0.150052404	0.009334967	0.618531472
PRJNA546006	SRR9206814	0.033788899	0.295089919	0.201532661	0.014150324	0.455438197
PRJNA546006	SRR9206821	0.007821163	0.210542962	0.330398479	0.009899738	0.441337657
PRJNA546006	SRR9206829	0.027588087	0.286615678	0.174905368	0.009535287	0.501355579
PRJNA546006	SRR9206833	0.006607306	0.13327937	0.046264323	0.001241751	0.81260725
PRJNA556207	SRR9735350	0.014574998	0.376380791	0.428435471	0.054998851	0.125609889
PRJNA556207	SRR9735351	0	0.276400989	0.153597838	0.08827704	0.481724133
PRJNA556207	SRR9735352	0.006759454	0.379495946	0.036541824	0.028669343	0.548533434
PRJNA556207	SRR9735353	0.015683623	0.253916421	0.041537724	0.017041255	0.671820977
PRJNA556207	SRR9735354	0.007011548	0.362084309	0.029100857	0.01935983	0.582443456
PRJNA556207	SRR9735355	0.005370893	0.379057788	0.014915857	0.000635289	0.600020172
PRJNA556207	SRR9735356	0.011260196	0.26193104	0.049353129	0.015170932	0.662284703
PRJNA556207	SRR9735357	0.005358949	0.410705787	0.061391466	0.025610342	0.496933456
PRJNA556207	SRR9735358	0.006669091	0.40466378	0.037064843	0.006907006	0.54469528
PRJNA556207	SRR9735359	0.00346382	0.255629415	0.008115059	0.004849676	0.72794203
PRJNA556207	SRR9735360	0.000210502	0.303400616	0.034220694	0.017317528	0.644850661
PRJNA556207	SRR9735361	0.006306573	0.307764891	0.048851758	0.012099283	0.624977494
PRJNA556207	SRR9735362	0.023018152	0.161394149	0.157763054	0.006783944	0.651040701
PRJNA556207	SRR9735363	0.010780331	0.395578404	0.137502097	0.013002653	0.443136515
PRJNA556207	SRR9735364	0.007565805	0.389124655	0.128444554	0.040768675	0.434096311
PRJNA556207	SRR9735365	0.018078207	0.18404312	0.184477798	0.046760232	0.566640643
PRJNA556207	SRR9735366	0.024874784	0.467221706	0.160915993	0.018210617	0.3287769
PRJNA556207	SRR9735367	0.016622355	0.264369435	0.209474257	0.038765319	0.470768634
PRJNA556207	SRR9735368	0.014852207	0.397110563	0.178088873	0.056819248	0.353129109
PRJNA556207	SRR9735369	0.009233537	0.209525615	0.205832772	0.031283034	0.544125043
PRJNA556207	SRR9735370	0.015755795	0.451333549	0.141297858	0.01133007	0.380282727
PRJNA556207	SRR9735371	0.027422812	0.256455685	0.217789218	0.039047571	0.459284714
PRJNA556207	SRR9735372	0.02477001	0.303138009	0.206706076	0.056269743	0.409116162
PRJNA564811	SRR10097730	0.02658546	0.171737408	0.801677131	0	0
PRJNA564811	SRR10097731	0.011673906	0.140680738	0.847645356	0	0
PRJNA564811	SRR10097732	0.001438936	0.122418791	0.876142273	0	0
PRJNA564811	SRR10097733	0.011067929	0.039481165	0.949450906	0	0
PRJNA564811	SRR10097734	0.013319847	0.186943403	0.79973675	0	0
PRJNA564811	SRR10097735	0.000920629	0.214063132	0.785016238	0	0
PRJNA564811	SRR10097736	0.01154954	0.045328947	0.94306507	0	5.64429643844895e-05
PRJNA564811	SRR10097737	0.015942646	0.04761067	0.936330333	0	0.000116351
PRJNA564811	SRR10097738	0.007427768	0.07427775	0.914409152	0	0.003885329
PRJNA564811	SRR10097739	0.012332902	0.109628526	0.878038572	0	0
PRJNA564811	SRR10097742	0.013574745	0.115357951	0.871067304	0	0
PRJNA564811	SRR10097743	0.010205944	0.072803599	0.916990457	0	0
PRJNA564811	SRR10097744	0.016292874	0.089963503	0.893743624	0	0
PRJNA564811	SRR10097745	0.016010152	0.102811092	0.881178756	0	0
PRJNA564811	SRR10097746	0.031537345	0.097954969	0.870507687	0	0
PRJNA564811	SRR10097747	0.008957041	0.12973561	0.861307348	0	0
PRJNA564811	SRR10097749	0.009854642	0.098777541	0.891367818	0	0
PRJNA564811	SRR10097750	0.01228921	0.103544861	0.88416593	0	0
PRJNA564811	SRR10097751	0.011242173	0.126260856	0.862496971	0	0
PRJNA564811	SRR10097752	0.00564356	0.12549283	0.86886361	0	0
PRJNA564811	SRR10097753	0.009355135	0.18346412	0.807180745	0	0
PRJNA564811	SRR10097754	0.022210232	0.139711151	0.838078617	0	0
PRJNA564811	SRR10097756	0.003503055	0.14186112	0.854635825	0	0
PRJNA564811	SRR10097757	0.007887813	0.076759619	0.915352568	0	0
PRJNA564811	SRR10097758	0.002907036	0.101826782	0.895266182	0	0
PRJNA564811	SRR10097759	0.02779269	0.062026804	0.910180506	0	0
PRJNA564811	SRR10097760	0.020114672	0.064589617	0.91529571	0	0
PRJNA564811	SRR10097761	0.010207302	0.075112976	0.914679722	0	0
PRJNA564811	SRR10097762	0.005663335	0.103667702	0.890668962	0	0
PRJNA564811	SRR10097763	0.003319899	0.11590157	0.880778531	0	0
PRJNA564811	SRR10097765	0.028755174	0.062675946	0.90856888	0	0
PRJNA564811	SRR10097766	0.010635892	0.088749351	0.899973329	0	0.000641428
PRJNA564811	SRR10097767	0.007671536	0.149260792	0.843067672	0	0
PRJNA564811	SRR10097768	0.078750008	0.080482502	0.840767491	0	0
PRJNA564811	SRR10097770	0.019582205	0.090928863	0.889488932	0	0
PRJNA564811	SRR10097771	0.014214181	0.072159973	0.913625847	0	0
PRJNA564811	SRR10097772	0.009878762	0.188445192	0.79802572	0	0.003650326
PRJNA564811	SRR10097773	0.01489321	0.110383136	0.874723654	0	0
PRJNA564811	SRR10097774	0.011197135	0.24563087	0.743171994	0	0
PRJNA564811	SRR10097775	0.016515185	0.228793908	0.754690908	0	0
PRJNA564811	SRR10097776	0.005921013	0.159515932	0.834563056	0	0
PRJNA564811	SRR10097777	0.039266446	0.152070737	0.807214911	0	0.001447906
PRJNA564811	SRR10097778	0.010434857	0.107630771	0.881934372	0	0
PRJNA564811	SRR10097779	0.00598039	0.120426207	0.873593403	0	0
PRJNA564811	SRR10097780	0.008788623	0.143546492	0.847664885	0	0
PRJNA564811	SRR10097781	0.037839665	0.168549846	0.793188694	0	0.000421795
PRJNA564811	SRR10097782	0.013910622	0.163826975	0.821295778	0	0.000966625
PRJNA564811	SRR10097784	0.013457003	0.086738089	0.899804907	0	0
PRJNA564811	SRR10097785	0.027065448	0.106043268	0.86675832	0	0.000132964
PRJNA564811	SRR10097786	0.032779916	0.138252574	0.828398689	0	0.000568821
PRJNA564811	SRR10097787	0.039877227	0.125680582	0.834009196	0	0.000432994
PRJNA564811	SRR10097788	0.014945982	0.09858036	0.885724665	0	0.000748993
PRJNA564811	SRR10097789	0.011846459	0.092757554	0.894615887	0	0.0007801
PRJNA564811	SRR10097790	0.01080753	0.077694404	0.911498066	0	0
PRJNA564811	SRR10097791	0.026525791	0.074951886	0.897568595	0	0.000953727
PRJNA564811	SRR10097793	0.016245569	0.15405604	0.829698391	0	0
PRJNA564811	SRR10097794	0.011158157	0.114295427	0.874546416	0	0
PRJNA564811	SRR10097795	0.007717202	0.084109038	0.90817376	0	0
PRJNA564811	SRR10097796	0.01199297	0.090006257	0.898000773	0	0
PRJNA564811	SRR10097798	0.011615938	0.059158912	0.929225149	0	0
PRJNA564811	SRR10097799	0.010943361	0.052596032	0.936460607	0	0
PRJNA564811	SRR10097800	0.002519697	0.098244716	0.899235587	0	0
PRJNA564811	SRR10097801	0.013841866	0.162736824	0.818010063	0	0.005411247
PRJNA564811	SRR10097802	0.031395085	0.051491191	0.917107552	0	6.17344922955354e-06
PRJNA564811	SRR10097803	0.029479838	0.194514067	0.774067087	0	0.001939008
PRJNA564811	SRR10097804	0.030377585	0.048723408	0.918025617	0	0.00287339
PRJNA564811	SRR10097805	0.007743383	0.161731979	0.829091365	0	0.001433274
PRJNA564811	SRR10097806	0.012494574	0.161029898	0.821875545	0	0.004599983
PRJNA564811	SRR10097807	0.015054541	0.088287595	0.895548571	0	0.001109292
PRJNA564811	SRR10097808	0.011138862	0.067668265	0.919854196	0	0.001338677
PRJNA564811	SRR10097809	0.022071756	0.120274453	0.857448246	0	0.000205544
PRJNA564811	SRR10097810	0.022641295	0.118147788	0.859052821	0	0.000158096
PRJNA564811	SRR10097811	0.019129482	0.096326695	0.88440435	0	0.000139472
PRJNA564811	SRR10097812	0.021334756	0.106157802	0.872184322	0	0.000323119
PRJNA564811	SRR10097813	0.025413779	0.089726132	0.884844646	0	1.5442906139453e-05
PRJNA564811	SRR10097814	0.027247426	0.102851476	0.869887328	0	1.37710593905945e-05
PRJNA564811	SRR10097815	0.009861986	0.097953295	0.892107666	0	7.70525154540282e-05
PRJNA564811	SRR10097816	0.011448132	0.147557563	0.840919507	0	7.47984733094627e-05
PRJNA564811	SRR10097817	0.007203651	0.074020828	0.918630818	0	0.000144703
PRJNA564811	SRR10097818	0.011765248	0.091353156	0.896766185	0	0.000115411
PRJNA564811	SRR10097819	0.023929657	0.113360859	0.862026122	0	0.000683362
PRJNA564811	SRR10097820	0.010338185	0.129331478	0.860209312	0	0.000121025
PRJNA564811	SRR10097821	0.017939601	0.089116651	0.892730779	0	0.000212969
PRJNA564811	SRR10097822	0.044526315	0.189764664	0.765676309	0	3.27121020118078e-05
PRJNA564811	SRR10097823	0.008903717	0.159093347	0.831948921	0	5.40140619245131e-05
PRJNA564811	SRR10097824	0.033776468	0.119191336	0.846713716	0	0.00031848
PRJNA564811	SRR10097825	0.023624622	0.151410533	0.824705712	0	0.000259133
PRJNA564811	SRR10097827	0.006570729	0.082206795	0.910988274	0	0.000234202
PRJNA564811	SRR10097828	0.022459731	0.137463814	0.839285585	0	0.00079087
PRJNA564811	SRR10097829	0.020714237	0.097608481	0.881652638	0	2.46435822981027e-05
PRJNA564811	SRR10097830	0.01852288	0.092063459	0.888824017	0	0.000589644
PRJNA564811	SRR10097831	0.008406963	0.119035862	0.871994624	0	0.000562551
PRJNA564811	SRR10097832	0.017277654	0.10638933	0.875409125	0	0.000923892
PRJNA564811	SRR10097833	0.013396016	0.119022064	0.867348893	0	0.000233027
PRJNA564811	SRR10097834	0.040177149	0.086487135	0.873206003	0	0.000129713
PRJNA564811	SRR10097835	0.022079789	0.078189288	0.899573337	0	0.000157585
PRJNA564811	SRR10097836	0.020515754	0.095611834	0.882322105	0	0.001550306
PRJNA564811	SRR10097837	0.059025943	0.10283556	0.835693708	0	0.002444789
PRJNA564811	SRR10097838	0.01412235	0.105962047	0.879914606	0	9.9760375577862e-07
PRJNA564811	SRR10097839	0.011565489	0.096056137	0.891733751	0	0.000644623
PRJNA564811	SRR10097840	0.021258393	0.156517149	0.821955761	0	0.000268697
PRJNA564811	SRR10097841	0.009964791	0.195525486	0.794358771	0	0.000150952
PRJNA564811	SRR10097842	0.027766452	0.102976045	0.868995458	0	0.000262045
PRJNA564811	SRR10097843	0.025939074	0.14205445	0.831808833	0	0.000197643
PRJNA564811	SRR10097844	0.038664401	0.096187196	0.864311423	0	0.00083698
PRJNA564811	SRR10097845	0.021184081	0.105467688	0.872605175	0	0.000743056
PRJNA564811	SRR10097846	0.011741688	0.117314368	0.870915578	0	2.83656677631411e-05
PRJNA564811	SRR10097847	0.010378517	0.061717651	0.927737194	0	0.000166638
PRJNA564811	SRR10097848	0.016070801	0.067651554	0.916174002	0	0.000103643
PRJNA564811	SRR10097849	0.016943695	0.099287518	0.883721334	0	4.74535178072606e-05
PRJNA564811	SRR10097850	0.011078502	0.133738174	0.855183324	0	0
PRJNA564811	SRR10097851	0.016606472	0.051281881	0.931799824	0	0.000311823
PRJNA564811	SRR10097852	0.024639916	0.053528889	0.92163088	0	0.000200315
PRJNA564811	SRR10097853	0.018035665	0.071228289	0.909425516	0	0.001310531
PRJNA564811	SRR10097854	0.036788566	0.164115994	0.79888073	0	0.00021471
PRJNA564811	SRR10097855	0.045705569	0.126188052	0.827098708	0	0.001007671
PRJNA564811	SRR10097856	0.015733369	0.077373263	0.905060925	0	0.001832444
PRJNA564811	SRR10097857	0.007080861	0.142452286	0.850237321	0	0.000229531
PRJNA564811	SRR10097858	0.020733852	0.120156085	0.859013676	0	9.63863374123925e-05
PRJNA564811	SRR10097859	0.012792286	0.115220658	0.871842709	0	0.000144348
PRJNA564811	SRR10097860	0.007318985	0.093522611	0.899062462	0	9.59419209225557e-05
PRJNA564811	SRR10097861	0.026886109	0.135393881	0.833658282	0	0.004061728
PRJNA564811	SRR10097862	0.009683955	0.122703726	0.867612319	0	0
PRJNA564811	SRR10097863	0.036989039	0.139244724	0.823241247	0	0.000524991
PRJNA564811	SRR10097864	0.036513604	0.171951988	0.791302392	0	0.000232016
PRJNA564811	SRR10097866	0.024189535	0.118537813	0.857272652	0	0
PRJNA564811	SRR10097867	0.008434347	0.124356993	0.867199399	0	9.26121911860624e-06
PRJNA564811	SRR10097868	0.015005595	0.139044288	0.8458332	0	0.000116918
PRJNA564811	SRR10097869	0.013522588	0.135614998	0.850840478	0	2.1936943763041e-05
PRJNA564811	SRR10097870	0.00543845	0.105417542	0.889144008	0	0
PRJNA564811	SRR10097871	0.006325279	0.124004553	0.869670168	0	0
PRJNA564811	SRR10097872	0.007926004	0.136669036	0.854891114	0	0.000513846
PRJNA564811	SRR10097873	0.012468289	0.16144662	0.823856788	0	0.002228302
PRJNA564811	SRR10097874	0.01952541	0.136740459	0.843619814	0	0.000114317
PRJNA564811	SRR10097875	0.016904312	0.116245995	0.866651224	0	0.000198469
PRJNA564811	SRR10097876	0.036841762	0.151439542	0.811525788	0	0.000192909
PRJNA564811	SRR10097878	0.013903612	0.07733619	0.90843557	0	0.000324628
PRJNA564811	SRR10097879	0.018831137	0.106627895	0.873264567	0	0.001276402
PRJNA564811	SRR10097880	0.016364468	0.082418709	0.900968915	0	0.000247907
PRJNA564811	SRR10097881	0.017505018	0.067934463	0.914433554	0	0.000126965
PRJNA564811	SRR10097882	0.026660335	0.101475407	0.871864257	0	0
PRJNA564811	SRR10097883	0.010549064	0.113561135	0.875662615	0	0.000227185
PRJNA564811	SRR10097884	0.00796517	0.127125807	0.863900478	0	0.001008544
PRJNA564811	SRR10097885	0.013532875	0.137912315	0.848115993	0	0.000438817
PRJNA564811	SRR10097886	0.059208879	0.199039127	0.741674868	0	7.71250945301928e-05
PRJNA564811	SRR10097888	0.059260097	0.226358984	0.713685335	0	0.000695584
PRJNA564811	SRR10097889	0.012366362	0.113051665	0.872469275	0	0.002112697
PRJNA564811	SRR10097890	0.023614949	0.125307404	0.84598864	0	0.005089007
PRJNA564811	SRR10097891	0.021033107	0.052776349	0.925954565	0	0.000235979
PRJNA564811	SRR10097892	0.01397316	0.048365002	0.937381441	0	0.000280397
PRJNA564811	SRR10097893	0.025622515	0.11432552	0.85973904	0	0.000312925
PRJNA564811	SRR10097894	0.032149177	0.112163967	0.853734665	0	0.001952191
PRJNA564811	SRR10097895	0.025367282	0.170454778	0.781967131	0	0.022210809
PRJNA564811	SRR10097896	0.021768839	0.133880483	0.830353023	0	0.013997655
PRJNA564811	SRR10097897	0.022562913	0.182638662	0.787123875	0	0.007674551
PRJNA564811	SRR10097899	0.016505926	0.099754951	0.88091712	0	0.002822003
PRJNA564811	SRR10097900	0.022568261	0.168951943	0.805534582	0	0.002945214
PRJNA564811	SRR10097902	0.010621324	0.203215685	0.774319725	0	0.011843266
PRJNA564811	SRR10097904	0.025658007	0.13905804	0.817625996	0	0.017657957
PRJNA564811	SRR10097905	0.011584628	0.086309046	0.901150336	0	0.000955989
PRJNA564811	SRR10097906	0.010811792	0.180742009	0.790060171	0	0.018386029
PRJNA564811	SRR10097907	0.016981586	0.150836219	0.829883312	0	0.002298883
PRJNA564811	SRR10097908	0.022907311	0.169589455	0.806311215	0	0.001192018
PRJNA564811	SRR10097909	0.052542925	0.120540111	0.826441454	0	0.00047551
PRJNA564811	SRR10097910	0.012711577	0.137995195	0.848942702	0	0.000350526
PRJNA564811	SRR10097911	0.008940081	0.135560347	0.853843504	0	0.001656068
PRJNA564811	SRR10097912	0.012945207	0.12498873	0.860480566	0	0.001585497
PRJNA564811	SRR10097913	0.018500999	0.161354941	0.81927639	0	0.00086767
PRJNA564811	SRR10097914	0.043426623	0.20542251	0.749675382	0	0.001475486
PRJNA564811	SRR10097915	0.05161662	0.186488801	0.76027635	0	0.001618229
PRJNA564811	SRR10097916	0.012698075	0.093042319	0.893332362	0	0.000927244
PRJNA564811	SRR10097917	0.034676216	0.164928	0.797499815	0	0.00289597
PRJNA564811	SRR10097918	0.039821296	0.164600242	0.794481385	0	0.001097077
PRJNA564811	SRR10097920	0.071929677	0.08477791	0.841832156	0	0.001460257
PRJNA564811	SRR10097921	0.062765104	0.119123457	0.816735145	0	0.001376294
PRJNA564811	SRR10097922	0.018459867	0.100456703	0.88052451	0	0.000558919
PRJNA564811	SRR10097923	0.0200942	0.127890648	0.85147451	0	0.000540642
PRJNA564811	SRR10097924	0.019739791	0.162898279	0.816439521	0	0.000922408
PRJNA564811	SRR10097925	0.01533657	0.155452536	0.828466745	0	0.000744149
PRJNA564811	SRR10097926	0.028470093	0.091801613	0.878332676	0	0.001395618
PRJNA564811	SRR10097927	0.023329517	0.124153456	0.850889313	0	0.001627715
PRJNA564811	SRR10097928	0.048836729	0.162224554	0.788223628	0	0.000715088
PRJNA564811	SRR10097929	0.028024406	0.109248619	0.861726809	0	0.001000165
PRJNA564811	SRR10097930	0.015753043	0.15048296	0.833409231	0	0.000354766
PRJNA564811	SRR10097931	0.013501324	0.088308901	0.896773138	0	0.001416636
PRJNA564811	SRR10097932	0.020510541	0.065289994	0.913852806	0	0.000346659
PRJNA564811	SRR10097933	0.013164672	0.131092211	0.855608544	0	0.000134573
PRJNA564811	SRR10097935	0.012462082	0.088258114	0.899080101	0	0.000199704
PRJNA564811	SRR10097936	0.013483808	0.085918259	0.900346041	0	0.000251891
PRJNA564811	SRR10097937	0.011785799	0.108038949	0.879969006	0	0.000206246
PRJNA564811	SRR10097938	0.044835001	0.176054718	0.777582839	0	0.001527442
PRJNA564811	SRR10097939	0.027722094	0.165581126	0.805532494	0	0.001164286
PRJNA564811	SRR10097940	0.036653777	0.146613988	0.815044008	0	0.001688227
PRJNA564811	SRR10097941	0.032957953	0.126901467	0.838978456	0	0.001162125
PRJNA564811	SRR10097942	0.015911128	0.085161488	0.898302291	0	0.000625092
PRJNA564811	SRR10097943	0.013674333	0.053687096	0.932039341	0	0.00059923
PRJNA564811	SRR10097945	0.022433499	0.156946376	0.820294148	0	0.000325976
PRJNA564811	SRR10097946	0.028414505	0.215405115	0.755752304	0	0.000428076
PRJNA564811	SRR10097947	0.013976132	0.176149566	0.808746369	0	0.001127934
PRJNA564811	SRR10097948	0.014968297	0.151217827	0.833511999	0	0.000301878
PRJNA564811	SRR10097949	0.022928531	0.14279517	0.83416809	0	0.000108209
PRJNA564811	SRR10097950	0.010490634	0.106602029	0.881493122	0	0.001414215
PRJNA564811	SRR10097951	0.014600399	0.081851719	0.901807439	0	0.001740443
PRJNA564811	SRR10097952	0.026762814	0.132644445	0.840222776	0	0.000369965
PRJNA564811	SRR10097953	0.012301705	0.124776833	0.862193184	0	0.000728277
PRJNA564811	SRR10097954	0.019372187	0.072184202	0.90751245	0	0.000931161
PRJNA564811	SRR10097955	0.014442439	0.093250065	0.891588161	0	0.000719334
PRJNA564811	SRR10097956	0.011003862	0.151580518	0.83734849	0	6.71300638919086e-05
PRJNA564811	SRR10097957	0.038428096	0.143899924	0.816697063	0	0.000974916
PRJNA564811	SRR10097958	0.036927194	0.140729596	0.821709422	0	0.000633788
PRJNA632607	SRR11786049	0.009845233	0.216794685	0.407752445	0	0.365607637
PRJNA632607	SRR11786050	0	0.235361843	0.096896397	0.005434736	0.662307025
PRJNA632607	SRR11786051	0	0.384694466	0.076734242	0	0.538571292
PRJNA632607	SRR11786052	0.006023268	0.113783101	0.2952797	0	0.584913932
PRJNA632607	SRR11786053	0.013220616	0.12729174	0.085971908	0.003769117	0.76974662
PRJNA632607	SRR11786054	0	0.164748582	0.169952806	0.00555166	0.659746952
PRJNA632607	SRR11786055	0	0.176527526	0.192660478	0.003338975	0.627473022
PRJNA632607	SRR11786056	0.002239658	0.30609812	0.100553131	0.001142262	0.589966829
PRJNA632607	SRR11786057	0	0.179324415	0.134250994	0.005421722	0.681002869
PRJNA632607	SRR11786058	0.002963892	0.156376576	0.164302824	0.001483912	0.674872796
PRJNA632607	SRR11786059	0.005639045	0.22186892	0.162708942	0.008063805	0.601719287
PRJNA632607	SRR11786060	0.00442563	0.170777457	0.128681377	0	0.696115536
PRJNA632607	SRR11786061	0.009578923	0.180203938	0.196442829	0.022253374	0.591520936
PRJNA632607	SRR11786062	0.003966831	0.174930248	0.131752509	0.01409687	0.675253542
PRJNA632607	SRR11786063	0	0.116016313	0.176471902	0.016863264	0.690648521
PRJNA632607	SRR11786064	0.004415836	0.221352965	0.132241291	0.012443437	0.629546471
PRJNA632607	SRR11786065	0	0.155265468	0.165819116	0.017134745	0.661780671
PRJNA632607	SRR11786066	0.002846379	0.224448071	0.235502847	0.001494319	0.535708384
PRJNA632607	SRR11786067	0	0.218447938	0.177156436	0.002045642	0.602349983
PRJNA632607	SRR11786068	0.002144501	0.151297373	0.256074505	0.008066819	0.582416801
PRJNA632607	SRR11786069	0	0.208425858	0.210641029	0.004062028	0.576871084
PRJNA632607	SRR11786070	0.002481321	0.162352413	0.248496644	0.006209753	0.580459868
PRJNA632607	SRR11786071	0	0.182892832	0.084680039	0.002593017	0.729834112
PRJNA632607	SRR11786072	0.008815062	0.283260276	0.120219942	0.000396811	0.587307908
PRJNA632607	SRR11786073	0.002777909	0.235628747	0.156628617	0.021534727	0.58343
PRJNA632607	SRR11786074	0.002903302	0.242668734	0.11709899	0.035620135	0.601708839
PRJNA632607	SRR11786075	0.004260648	0.219837659	0.177769828	0.018758072	0.579373793
PRJNA632607	SRR11786076	0.00040125	0.155290714	0.236340941	0.006663959	0.601303136
PRJNA632607	SRR11786077	0.000222409	0.216974539	0.186925021	0.009022777	0.586855254
PRJNA632607	SRR11786078	0.000634285	0.153909993	0.156231204	0.008170817	0.681053701
PRJNA632607	SRR11786079	0.007340009	0.141143144	0.188580866	0.019088864	0.643847117
PRJNA632607	SRR11786080	0.001734391	0.117246321	0.095574916	0.002524861	0.782919511
PRJNA632607	SRR11786081	0.001730906	0.225751596	0.160345708	0.005878016	0.606293773
PRJNA632607	SRR11786082	0.01200125	0.095345692	0.215159416	0.006779726	0.670713916
PRJNA632607	SRR11786083	0.057361324	0.077343712	0.23412292	0.017853325	0.613318719
PRJNA632607	SRR11786084	0.006400489	0.15511852	0.18033779	0.015203037	0.642940164
PRJNA632607	SRR11786085	0.003271662	0.170421541	0.220655502	0.01963081	0.586020484
PRJNA632607	SRR11786086	0.00761261	0.169833167	0.222822742	0.018386105	0.581345376
PRJNA632607	SRR11786087	0.005781103	0.170958444	0.247684632	0.013820145	0.561755676
PRJNA632607	SRR11786088	0.004048616	0.15958222	0.160199354	0.005426581	0.670743229
PRJNA632607	SRR11786089	0.003337705	0.096179483	0.203541	0.006022857	0.690918956
PRJNA632607	SRR11786090	0.014565474	0.197453514	0.174355242	0.010146625	0.603479145
PRJNA632607	SRR11786091	0.003238697	0.10546815	0.222020302	0.005667815	0.663605036
PRJNA632607	SRR11786092	0.002293093	0.145541271	0.275021306	0.003877685	0.573266645
PRJNA632607	SRR11786093	0.000234933	0.117656149	0.291382523	0.00693502	0.583791376
PRJNA632607	SRR11786094	0.020827579	0.179121189	0.216725415	0.01866062	0.564665197
PRJNA632607	SRR11786095	0.008818618	0.140565774	0.195445125	0.012507785	0.642662699
PRJNA632607	SRR11786096	0.005964224	0.18494738	0.160585533	0.007052715	0.641450149
PRJNA659056	SRR12526866	0	0.196051561	0.326740739	0.033127235	0.444080465
PRJNA659056	SRR12526876	0.023443829	0.065182491	0.342864277	0.009831808	0.558677596
PRJNA659056	SRR12526877	0.035803877	0.29590558	0.14988757	0.007076985	0.511325988
PRJNA659056	SRR12526878	0.032700394	0.240536602	0.17712508	0.031987138	0.517650786
PRJNA659056	SRR12526879	0.025032265	0.260155048	0.218930399	0.006699792	0.489182496
PRJNA659056	SRR12526880	0.007850414	0.317280801	0.280287184	0.025660665	0.368920935
PRJNA659056	SRR12526881	0.043736264	0.348732452	0.199161042	0.009675754	0.398694488
PRJNA659056	SRR12526882	0.012693729	0.06091944	0.498759128	0.012154412	0.415473291
PRJNA659056	SRR12526883	0.005056564	0.314892438	0.259695554	0.007354705	0.413000738
PRJNA659056	SRR12526884	0.003735525	0.392078496	0.308227212	0.012404765	0.283554002
PRJNA659056	SRR12526885	0.006783737	0.307153967	0.285993462	0.022131893	0.377936941
PRJNA659056	SRR12526886	0.009888412	0.502427711	0.184019063	0.016486298	0.287178517
PRJNA659056	SRR12526887	0.027684331	0.293683283	0.26055307	0.022368295	0.395711022
PRJNA659056	SRR12526888	0.01753652	0.257875995	0.318434425	0.026634858	0.379518203
PRJNA659056	SRR12526889	0.018140285	0.21435867	0.279204516	0.027297092	0.460999436
PRJNA659056	SRR12526890	0.0088648	0.111897939	0.390370811	0.032073688	0.456792762
PRJNA659056	SRR12526891	0.009427502	0.195366874	0.306433386	0.033530288	0.45524195
PRJNA659056	SRR12526892	0.006665503	0.306279078	0.422243494	0.026766282	0.238045643
PRJNA659056	SRR12526893	0.006784005	0.38972922	0.1995941	0.034754556	0.36913812
PRJNA659056	SRR12526894	0.009860983	0.300800029	0.25851047	0.041194153	0.389634366
PRJNA659056	SRR12526895	0.0216565	0.522817875	0.147573645	0.007805847	0.300146133
PRJNA659056	SRR12526896	0.016812333	0.321000431	0.215215325	0.028629015	0.418342896
PRJNA659056	SRR12526897	0.010563055	0.3619537	0.18900563	0.040721909	0.397755707
PRJNA659056	SRR12526898	0.008641963	0.162909988	0.360853031	0.028010656	0.439584362
PRJNA659056	SRR12526899	0.007515317	0.347358807	0.227207018	0.043031953	0.374886904
PRJNA659056	SRR12526900	0.016917348	0.171835371	0.290216172	0.024901999	0.496129109
PRJNA659056	SRR12526901	0.013628752	0.145530764	0.361239298	0.041245003	0.438356183
PRJNA659056	SRR12526902	0.006410929	0.378349933	0.149444608	0.021176498	0.444618031
PRJNA659056	SRR12526903	0.012966307	0.271072242	0.29449136	0.015557185	0.405912905
PRJNA659056	SRR12526904	0.015352474	0.295471523	0.255093474	0.010825859	0.42325667
PRJNA659056	SRR12526905	0.025356556	0.321612023	0.254047199	0.016370217	0.382614004
PRJNA659056	SRR12526906	0.018505875	0.299559216	0.242262135	0.019112737	0.420560038
PRJNA659056	SRR12526907	0.008719407	0.289207338	0.276117052	0.012644931	0.413311272
PRJNA659056	SRR12526908	0.014070996	0.284899412	0.259165676	0.013633997	0.42822992
PRJNA659056	SRR12526909	0.014441927	0.316725032	0.251592936	0.018269433	0.398970672
PRJNA659056	SRR12526910	0.011618862	0.331427324	0.287099487	0.017855365	0.351998962
PRJNA659056	SRR12526911	0.008081942	0.273199914	0.276604719	0.035126524	0.406986901
PRJNA659056	SRR12526912	0.020781733	0.32611304	0.271239454	0.019475258	0.362390514
PRJNA659056	SRR12526913	0.007581471	0.285005474	0.276983055	0.018012061	0.412417939
PRJNA659056	SRR12526914	0.016095603	0.307315234	0.298131895	0.05043519	0.328022078
PRJNA659056	SRR12526915	0.01124692	0.286000939	0.350416061	0.04273473	0.30960135
PRJNA659056	SRR12526916	0.012266699	0.286561145	0.267486795	0.019960978	0.413724383
PRJNA659056	SRR12526917	0.006444857	0.278595735	0.259160806	0.017297182	0.438501421
PRJNA659056	SRR12526918	0.004891426	0.2938281	0.22053676	0.015971014	0.4647727
PRJNA659056	SRR12526919	0.008194372	0.219139229	0.321240756	0.018504465	0.432921178
PRJNA659056	SRR12526920	0.008267056	0.294006249	0.276351119	0.012326186	0.40904939
PRJNA659056	SRR12526921	0.00593485	0.264439026	0.250828028	0.02459936	0.454198736
PRJNA659056	SRR12526922	0.010869094	0.266786286	0.313581922	0.019961565	0.388801132
PRJNA659056	SRR12526923	0.007931665	0.302559468	0.248920718	0.019326731	0.421261418
PRJNA659056	SRR12526924	0.013837339	0.27254933	0.322801552	0.022455404	0.368356374
PRJNA659056	SRR12526925	0.012779498	0.252208805	0.253977134	0.018705385	0.462329178
PRJNA659056	SRR12526926	0.011722515	0.266113053	0.22731212	0.020437996	0.474414317
PRJNA659056	SRR12526927	0.009082778	0.28444254	0.28601343	0.04011708	0.380344171
PRJNA659056	SRR12526928	0.010480208	0.302146618	0.272246124	0.041436444	0.373690606
PRJNA659056	SRR12526929	0.004810359	0.239363878	0.287997554	0.011032015	0.456796194
PRJNA659056	SRR12526930	0.012575956	0.357797941	0.319838196	0.028530732	0.281257176
PRJNA659056	SRR12526931	0.009267905	0.297246031	0.320552331	0.030658161	0.342275572
PRJNA659056	SRR12526932	0.00780971	0.232938331	0.296185604	0.010883672	0.452182683
PRJNA659056	SRR12526933	0.007572036	0.289814972	0.289134404	0.015662506	0.397816082
PRJNA659056	SRR12526934	0.009253161	0.242820894	0.292844557	0.013961546	0.441119842
PRJNA659056	SRR12526935	0.01941143	0.246980177	0.368574052	0.018733472	0.346300869
PRJNA659056	SRR12526936	0.008213085	0.246763572	0.337425515	0.015302683	0.392295145
PRJNA659056	SRR12526937	0.005856577	0.270692033	0.261191208	0.008926518	0.453333664
PRJNA659056	SRR12526938	0.02749397	0.252888471	0.345968309	0.01639316	0.357256089
PRJNA659056	SRR12526943	0.008707678	0.303565056	0.301136929	0.015142857	0.371447479
PRJNA659056	SRR12526954	0.008174976	0.253742587	0.300932357	0.017611644	0.419538436
PRJNA659056	SRR12526965	0.008513289	0.259333732	0.302257338	0.020998408	0.408897233
PRJNA659056	SRR12526976	0.008221687	0.322438004	0.292866461	0.012815509	0.363658338
PRJNA659056	SRR12526987	0.008831939	0.290292988	0.314664451	0.021606084	0.364604538
PRJNA659056	SRR12526988	0.032416786	0.231119158	0.265341687	0.018642293	0.452480076
PRJNA659056	SRR12526989	0.00481834	0.254881519	0.335791597	0.02038268	0.384125864
PRJNA682830	SRR24492479	0.000689755	0.153083987	0.145912831	0.021152289	0.679161138
PRJNA682830	SRR24492480	0	0.180152451	0.28312071	0.003728358	0.532998481
PRJNA682830	SRR24492481	0.000815068	0.184724516	0.278678465	0.007649167	0.528132784
PRJNA682830	SRR24492482	0.002859441	0.238817802	0.192674143	0.001031591	0.564617023
PRJNA682830	SRR24492483	0.005969628	0.18643592	0.151366668	0.006212415	0.650015369
PRJNA682830	SRR24492484	0.001426616	0.192150591	0.210482152	0.003228213	0.592712429
PRJNA682830	SRR24492485	0.001541057	0.183787804	0.214022355	1.55906518451536e-05	0.600633194
PRJNA682830	SRR24492486	0.003774928	0.106352816	0.206392479	0.00366557	0.679814207
PRJNA682830	SRR24492487	0.003431971	0.235054991	0.16815033	0.001870529	0.591492178
PRJNA682830	SRR24492488	0.009073695	0.22055488	0.264109438	0.004984182	0.501277805
PRJNA682830	SRR24492489	0.0015747	0.247579867	0.144877591	0.002277201	0.603690641
PRJNA682830	SRR24492490	0.006284643	0.218507469	0.147267148	0.00604532	0.621895419
PRJNA682830	SRR24492491	0.004552674	0.183699454	0.203951836	0.005639634	0.602156403
PRJNA682830	SRR24492492	0.004152707	0.243934006	0.252165095	0.002682532	0.49706566
PRJNA682830	SRR24492493	0.001448747	0.257637321	0.212708476	0.007260956	0.520944501
PRJNA682830	SRR24492494	0.004076566	0.238031746	0.189816881	0.010980836	0.557093972
PRJNA682830	SRR24492495	0.001779081	0.213912124	0.251486157	0.008306388	0.524516251
PRJNA682830	SRR24492496	0.004187122	0.209983888	0.171951842	0.010446205	0.603430943
PRJNA682830	SRR24492497	0.004572709	0.205137985	0.153021929	0.008642399	0.628624977
PRJNA682830	SRR24492498	0.004437376	0.218677683	0.166541773	0.00646552	0.603877649
PRJNA682830	SRR24492499	0.001924034	0.206283544	0.197369121	0.01429327	0.580130031
PRJNA682830	SRR24492500	0.025596225	0.070854223	0.453785515	0.004439675	0.445324362
PRJNA682830	SRR24492501	0.006466227	0.160361361	0.361901758	0.006421399	0.464849255
PRJNA682830	SRR24492502	0.004035461	0.115068704	0.40866494	0.00656426	0.465666634
PRJNA682830	SRR24492503	0.004944684	0.131935168	0.316586276	0.004256233	0.542277639
PRJNA682830	SRR24492504	0.00184759	0.18135213	0.288397678	0.009781991	0.518620611
PRJNA682830	SRR24492505	0.002163933	0.16928204	0.307975079	0.013399938	0.50717901
PRJNA682830	SRR24492506	0.002840433	0.151371294	0.347339097	0.008742975	0.489706201
PRJNA682830	SRR24492507	0.006501125	0.134205944	0.335425597	0.010645902	0.513221432
PRJNA682830	SRR24492508	0.003243077	0.210758876	0.18459935	0.007134496	0.594264201
PRJNA682830	SRR24492509	0.004307508	0.19021395	0.224134702	0.005220937	0.576122903
PRJNA682830	SRR24492510	0.006722577	0.185019688	0.254000044	0.008399593	0.545858098
PRJNA682830	SRR24492511	0.013438822	0.189060317	0.294585919	0.008470249	0.494444693
PRJNA682830	SRR24492512	0.012349895	0.126550507	0.415078262	0.011804094	0.434217241
PRJNA682830	SRR24492513	0.002796817	0.105374218	0.421120875	0.009156718	0.461551372
PRJNA682830	SRR24492514	0.004310996	0.130009936	0.374359159	0.010930597	0.480389313
PRJNA682830	SRR24492515	0.007851346	0.112687319	0.428471202	0.011284206	0.439705927
PRJNA682830	SRR24492516	0.005982161	0.089377388	0.40361636	0.011731221	0.48929287
PRJNA682830	SRR24492517	0.005332268	0.114825305	0.432379868	0.013504811	0.433957748
PRJNA682830	SRR24492518	0.007085449	0.111623629	0.444965007	0.015779815	0.4205461
PRJNA682830	SRR24492519	0.005865536	0.112722808	0.398117155	0.01121149	0.472083011
PRJNA682830	SRR24492520	0.005047527	0.105305379	0.425321077	0.01103189	0.453294127
PRJNA682830	SRR24492521	0.004257475	0.165617598	0.294888101	0.004778979	0.530457847
PRJNA682830	SRR24492522	0.005109633	0.155723962	0.380909957	0.013729505	0.444526943
PRJNA682830	SRR24492523	0.005429143	0.130788043	0.393241698	0.012849697	0.457691418
PRJNA682830	SRR24492524	0.006435464	0.092552237	0.438003813	0.01802111	0.444987376
PRJNA682830	SRR24492525	0.004899034	0.120965348	0.38636045	0.014482362	0.473292806
PRJNA682830	SRR24492533	0.011044025	0.233531882	0.262087007	0.002168285	0.491168801
PRJNA682830	SRR24492544	0.009379287	0.195708905	0.259749639	0.011184813	0.523977357
PRJNA682830	SRR24492545	0.007847795	0.198061259	0.312457029	0.003046728	0.47858719
PRJNA682830	SRR24492556	0.017562229	0.161080814	0.315993193	0.006813442	0.498550323
PRJNA682830	SRR24492561	0.008524337	0.14825394	0.304864177	0.009737022	0.528620524
PRJNA682830	SRR24492562	0.006310488	0.194203587	0.32846237	0.005314335	0.465709219
PRJNA682830	SRR24492573	0.010219868	0.181599157	0.258762954	0.008036155	0.541381865
PRJNA682830	SRR24492584	0.002737461	0.181199637	0.264964609	0.012951419	0.538146874
PRJNA682830	SRR24492599	0.008785893	0.182194184	0.305914139	0.009575706	0.493530078
PRJNA682830	SRR24492610	0.007955235	0.189957667	0.294038638	0.004780997	0.503267464
PRJNA682830	SRR24492621	0.002301313	0.245356568	0.207413635	0.010101523	0.534826961
PRJNA682830	SRR24492622	0.0055506	0.213637738	0.297319185	0.009036356	0.474456121
PRJNA682830	SRR24492623	0.003293703	0.180132041	0.335351132	0.009510534	0.47171259
PRJNA682830	SRR24492624	0.003335533	0.188576344	0.254094739	0.009164877	0.544828507
PRJNA682830	SRR24492625	0.006547326	0.191179306	0.311401866	0.010571067	0.480300435
PRJNA682830	SRR24492626	0.005478403	0.125899743	0.381443256	0.01244556	0.474733038
PRJNA682830	SRR24492627	0.009679859	0.19489689	0.309577366	0.018197797	0.467648088
PRJNA682830	SRR24492628	0.00477568	0.230077711	0.269022267	0.004735681	0.491388661
PRJNA682830	SRR24492629	0.007216984	0.201277221	0.305634859	0.016576235	0.469294701
PRJNA682830	SRR24492630	0.00433653	0.122528611	0.423312815	0.01275626	0.437065784
PRJNA682830	SRR24492631	0.011889641	0.1242482	0.38924097	0.011873924	0.462747264
PRJNA682830	SRR24492632	0.044054037	0.213061095	0.326903623	0.010887683	0.405093562
PRJNA682830	SRR24492633	0.01542474	0.179759649	0.320667258	0.01002246	0.474125893
